960
4
1
0.9
0.1
0.2523599375471641
0.17838347014871792
-0.30993330595333063
-0.14842651074409233
-0.09223329883441911
0.15446468343691258
0.19227649861933502
-0.05493974008851707
-0.10076664328067929
0.04962380265122057
0.02455034715916728
0.18737725962420249
-0.21601026587540975
-0.09350645348236203
0.08660545994704182
0.32050081565807237
-0.22648814027592296
-0.26908561412566273
-0.15730725953553765
0.12281678232096052
-0.003778090449670935
-0.1157912435639713
-0.2290260968685891
-0.25934614813132795
0.20128298104374684
0.17464583572191505
-0.3171696702509195
0.1971059896375489
0.23013187432748697
-0.25310374192901136
0.16312898581613514
0.20547122258558928
-0.17243644981513073
0.050933107350842555
-0.061076492085804464
-0.10828283013029714
0.10691386438617011
-0.21836793324791434
0.16830786647237234
0.12650361133096794
0.30160508918098544
0.07912470045346744
0.12486627358140197
0.2607670942605014
-0.2304569736650501
-0.1361045280406894
-0.13032301284941628
-0.033071070124772686
-0.10457790760031878
0.25775893892090834
0.013288599917649807
-0.23708028905014508
0.049554362533098556
0.07952627674831576
-0.2112758435141294
-0.19233768175373236
0.24025723349375508
-0.15524067474589673
-0.2734249666824961
-0.09592218254716935
-0.10295395376644707
0.06550954143468414
0.06783861140408252
0.34050525201572596
-0.0034553288123113754
0.0706904304201134
-0.3398550667546847
-0.28767920678251246
-0.23603886673262076
-0.07422135784771014
-0.2249478028484161
-0.2395047982577997
0.19513658848249696
0.25940366592125447
0.24491841850842522
-0.08886171553179462
-0.26340302292250867
0.15684358771635712
0.13656600871892333
-0.18624655048341915
-0.20262672893846026
0.28175401385680443
-0.08657167068135092
-0.07347682260674088
0.014699534353631688
-0.07248047731483778
0.12421897697713905
-0.06511683709693074
0.048465968914002004
0.26695159285477793
0.09303573944543252
0.04033358588009896
0.33597677639032053
0.29762862388593975
-0.19627258553766216
-0.21578532117368784
0.3486489170938791
0.13523978687568647
0.1764149374182566
0.2599878417114823
-0.2611620814575483
0.08284819835046199
0.0583160522285486
-0.05090217701462982
0.3016600511879513
0.3023845447651303
-0.0266967212065529
-0.05480441639187972
-0.051828600561052804
0.05069331114294824
-0.14988357506533628
0.07619853637283758
0.19464799754261133
0.06818881055702802
-0.25069474287209675
-0.12374479180462702
-0.08429032144081201
-0.2808750055546738
-0.0240321386121707
-0.008442587897125107
-0.23916380650855296
-0.1770692590536168
-0.29350591501361367
-0.06867254493571698
0.357284228402604
0.2283619317982736
0.0630640903288066
0.3186372665604018
-0.07896558721176633
0.09012637596312266
-0.020820250470506372
0.023225550295125023
0.13245251787765067
-0.24974746500634523
-0.32864199703716457
-0.05631995290251934
0.2727818285703735
0.0718909732912838
-0.04476895870818683
-0.22712907960748757
-0.18186075629580142
0.27143944853265056
-0.047225817074053586
-0.15728199580492438
0.32979708019279563
-0.22750104789099534
-0.25106001836596237
0.2001881552024352
0.1425360602118508
-0.02174023235707832
-0.002049911085535283
0.32184631751585074
0.09083938443771948
-0.2142093363666692
-0.11102758518569894
-0.003538303014536192
-0.17077996716169508
-0.2983991208041236
0.13834854988796205
-0.13317455176350318
0.08000143757614846
0.12648538394519224
-0.1684849523494018
0.00631031398719249
-0.05818687452475115
0.019426440423945764
-0.16492173895033574
0.21166793373967216
-0.24739932533403444
-0.10167163079960914
-0.3619524654312259
-0.2214765032336856
0.16776984091673547
0.0996433593194385
-0.16691806440028395
-0.20978376610924507
0.0596726863079065
0.21687049616054033
-0.24464633651627946
0.29427975393647837
0.25469404137985197
0.29141592112286363
0.11906375680044318
0.1530374227430822
-0.15589911557490235
-0.05439423547977535
0.23590200818062473
-0.11217568061505145
-0.027788542333778737
-0.1353647221708812
-0.33331294295397845
0.27255183233805036
0.22837360321793526
0.058888106855296156
0.13210901248949844
0.11856386384352059
-0.16211117251082904
0.30557800284600434
-0.2379767875966889
0.26236399875191907
0.24067507502876967
-0.29097464187988875
-0.2402272078279527
0.07806119576075982
0.16373068498317078
0.224050216684749
0.06505436962003434
-0.25220261649132475
0.24847754393872717
0.08744408030121169
-0.16127192601219842
0.1202190345404983
-0.04856508395626512
0.20880066937524758
-0.10491549409047551
-0.08190409673902062
0.22742918015970692
0.06936518603334962
-0.1556743393212803
0.3236013363523661
0.24128694080771623
0.16649392244799596
-0.3034669348139729
0.13274288884543065
0.03857919360174002
0.06153054008707187
-0.33768539807168396
0.053640741403660326
-0.0026442581057756105
0.24252451026824381
0.1269347632839372
-0.21468033102679257
0.22258473532567977
0.2977448515070204
0.22995174873085755
-0.03707652122428127
0.08668600622304908
0.17603267862300287
-0.365048555232715
-0.14302829700661143
-0.24522277538116438
0.16119595823039307
-0.15760598406092996
0.21590680521261496
0.10617552592113434
0.28958867147329803
-0.21317044687399272
-0.03436232480928562
0.17389627677493424
0.25735459343865713
-0.1243954569306283
0.1836846514402858
0.0011543265911121575
-0.0929449657492631
-0.06643109994301442
0.16325555603039263
0.02883658133900524
0.2593820614194121
0.10210019169231799
-0.2315047878821089
-0.20441808919123747
-0.12465662692997366
0.23106392930455946
-0.1798855936572517
-0.029618582199392247
0.26565600118480476
-0.3212731563417465
0.30182425863480306
0.07422973099543424
0.24942208381680947
0.07829927453082196
-0.06743236052979672
0.2328587655250153
0.17837435189642106
-0.01412159415896682
-0.15201723050349583
0.23059488707042344
0.14888262614374811
0.01612214007176911
0.08685034428589834
-0.18393982592154723
0.20843000977300452
-0.015537222555456776
0.16133697990718168
0.07704570882310208
-0.03621360888594883
0.1984915897165703
0.2274788301453358
0.02155535138530157
-0.10641481922911696
-0.21520673506059734
0.12767259950245055
-0.0340308187373277
-0.001265595169059481
-0.15929543562558574
0.09254762692236834
7.293169786628311E-4
0.0999648863700256
0.19354233679059565
0.04352517366593301
-0.19849426389288274
-0.14824966735181827
0.10456562389036914
0.16277060012934447
0.0418009713662088
0.23999609936630756
-0.2455231281936084
0.14992827806870848
-0.0605581405064562
-0.16937871167910637
0.10083999877129439
-0.05190530837622064
-0.10063985341492453
-0.11613448327033105
-0.1419390210211363
0.21629823688856104
-0.036369211350176706
0.24861015729685332
0.2178466880673469
0.1868288955310621
0.011394387476395722
-0.2842759775756799
-0.23922592473310164
-0.2122071194305387
0.2961631945007933
0.1246158304960555
-0.33398626892699645
-0.0687833214528348
-0.10410274614531514
0.07240770485147355
0.25407123998472414
0.2275103693979369
-0.09656595732503474
-0.2573668444001603
0.19768927928973185
0.08706489826572936
0.22296174821265707
-0.09488668695783821
-0.06973847102830379
0.16965886171173986
-0.19131735056215096
0.05695568039070531
-0.003348826669583712
0.015537688942117756
-0.2611787479898547
-0.29585245265329657
-0.12722769784540386
0.11972425536701445
0.12822540364772925
-0.16633252416019703
-0.32427925469604774
0.11515443344347231
0.2429889377389485
0.21730534223275663
-0.3183051568023036
-0.14745502080319547
-0.06860674315863613
-0.24258736370977893
-0.16277567176632654
0.03668947173796772
0.2812479677026306
0.20897829926460357
0.2504789568926919
0.08709262872025963
0.33158981263652354
0.07781706780040296
-0.18867608793236235
0.27899509826128943
0.2885558680350662
-0.12151131332499751
0.11636345435549218
0.024725048595674943
-0.1275417696255699
0.11509433464936283
0.0634336795756984
0.2975939626006766
0.16384178708302038
0.28026538876860635
-0.20611244752254818
-0.21695889312024377
0.22931676773680823
-0.1927935408785999
0.18046912878291194
0.257109101288958
0.290100088274196
-0.022076178874049515
0.014317319319676855
0.2005892501195137
0.351783719873514
-0.13566032219324278
0.10592543932242693
-0.002891334617229589
0.07380351152734746
-0.21299968695472987
0.12328419390193106
0.19859155564903758
0.2971651767875268
-0.17906556435518722
0.2948839848305821
-0.13448937955375204
-0.1684607803247929
0.1657163583165318
0.027293295781028078
-0.2438816289513452
-0.24002215559222106
-0.2795107339328248
-0.18366636106040593
0.0035394560802683352
0.08536633434653951
-0.21711733340516964
0.24153408356443146
-0.25341818073827516
-0.2076956930363464
-0.08505947713426278
0.017647073684364946
-0.24119910293574226
0.09523503566152063
-0.17308131006272773
0.09614477126939668
0.24812547620354178
-0.08843620336072089
0.03029568079350811
-0.14494575714186972
-0.07564965225119971
0.04952674504644196
0.14419516436556043
-0.32714185618678165
0.26807830939623184
-0.12485101824093794
0.14117208634469208
0.13814177906507688
-0.24474128196584688
0.25187094899534995
0.20844891203664243
0.08966141518510351
0.02471131568551797
-0.011028722994775052
-0.26470828656423745
0.15739827226893133
0.3366164758685526
0.16354298150483584
0.2884485052412429
-0.046803620875269236
-0.1978886049058232
-0.0691470123858161
-0.1774049308233304
0.17510712187827554
0.11586487479494968
0.2964354284461082
0.2682979577553166
-0.16914845177738633
0.29351182238830065
0.25015755427232994
0.23760450200912372
-0.1061874849069856
0.08944764955631372
0.31912677507079906
0.034660770236242984
-0.3278348517545213
-0.1675668252331333
0.1746339688019407
-0.3055134803125177
0.18816492799786214
0.2723962276220666
0.009847026779162249
-0.16500514212480377
0.173855301037283
0.26450025250054804
-0.22193792801722725
-0.11790208400462546
-0.0350724683445619
-0.22409129214471626
-0.17363674140037383
-0.2414176226494743
-0.05936068110600676
0.30441746511587764
0.08891423027370186
-0.13338086301961227
-0.1597749302345966
-0.266633696769927
-0.034532634021247635
0.26393437987731566
-0.33199707604279605
-0.016749548822564166
-0.12657948529328192
0.22969385194433048
0.15866106150813372
0.3050361679211233
-0.11024788041364399
0.044668294227099496
-0.1792117235373388
0.27631583790783487
-0.09113134384544469
0.27070964277164417
0.11183907706533626
-0.12460312503949586
0.0386485943163754
-0.2526010220749787
-0.3657191836518531
-0.09396558989833821
-0.05559340281894731
-0.17722111465530377
-0.12083712361092114
-0.13355361582894623
-0.1926256207171562
0.004376269404040478
0.040400768759128576
-0.12572004285906935
0.31906989036996064
0.12349739995530849
-0.003787393632599351
0.0840602985293635
-0.09239581728580165
0.04237858165935861
-0.07202931491796619
-0.2562964872081049
0.060971087675326795
-0.2711672191900034
0.10043938340893022
-0.21988715069987302
0.061163800529457496
0.17150550382399654
0.2605206424861673
0.16096383067983533
0.1118870230011381
-0.13626418762526743
-0.31702814836116094
0.013857709623804244
0.3274504963469181
0.2605628974933757
-0.24949032152868425
-0.07543799599632574
-0.17768549528210226
-0.2706159471871769
-0.13222154386516752
0.3289341975601671
0.2963245884305737
0.24165804400357507
0.07120055461259672
0.36144242086695366
-0.1298420457578271
0.20925547063614314
-0.3621102055163062
0.1779044383471702
-0.09011127056995251
0.19847204020984643
0.11292746077387049
-0.0716885450567856
0.23368025842555276
0.006482301818477514
-0.23029391985154482
0.18018954721900704
-0.10001896575807248
0.12014550581729055
-0.1028241468166582
0.09453583951798336
0.2638284337626954
-0.13284195447606606
0.16193140094674288
0.2483734172557733
0.06318695098096416
0.1918799404132499
0.2520359442083724
-0.06054351055171596
-0.10877877523627832
-0.25093081143245755
0.060099636021887844
-0.020693020342908288
0.01666950329557219
0.28626759440541233
-0.2343352744766002
0.3172896901139589
-0.07591843505625107
-0.09027832082109356
0.13371758305390902
-0.1264476006717362
-0.2446680035989288
-0.24102247569329754
-0.08515702850657626
-0.04120700206662925
-0.23430898559392138
-0.01738450920985103
-0.08674303637914678
0.09271792090790024
0.09682194229770555
-0.2880966295158496
0.01074699983045422
0.28233681248989917
-0.1537161494226885
-0.25863855854800555
-0.08680117437301633
-0.16991988555902807
-0.2149665250590484
-0.29452201628377467
0.0022038199050876174
0.19843812438676783
0.10609082873748317
0.23194078483924863
0.06444598322023316
0.28352220773505415
0.1368530358050806
0.10859544551776065
-0.14647146434348798
0.22279818758859993
0.10485765818682574
-0.09706745409311147
-0.32903785292086246
0.06539500218453807
0.2566403758836128
-0.02096612347310706
-0.3675375144623376
0.04727812153366532
-0.05450516269296386
3.812166710549758E-4
0.0467338869027018
0.2005339594908968
-0.22895720517426357
0.12901703447250043
-0.18310058332998536
-0.024790285022054596
0.2324346771858396
0.1040314363688645
0.05279433229753275
-0.0788206775472453
-0.26048376836016957
0.17799924494592687
-0.33482231687302527
0.16041299828007602
-0.04348148859597972
-0.3017518316618152
-0.12160357158663303
-0.16565246508429307
0.2648612063896648
0.2510290550473613
0.13838889181349226
0.21701992088963434
0.2724760949546584
0.2802541803551099
-0.029767996441476263
-0.24849588499912095
-0.01828855693880121
0.2839168700549764
-0.10816345435164215
0.29931509508064247
0.2795268743725243
0.17491683289481155
-0.21240697188028196
-0.09230985258656597
0.18748763425981904
0.2593797101302541
-0.31280715261378594
-0.20351580384205256
0.24917358232346606
0.24263164110291974
-0.24958862633279744
-0.19091261024195624
0.3807414741346659
-0.24769782472188925
0.20845958660607722
0.08592419743785326
-0.03689321863539345
-0.2369610411900399
-0.24676137420111646
-0.030445423414547382
-0.20552413144993764
-0.24769649847592026
-0.11407954573062717
-0.19728356480449866
0.15908463802810183
0.24792566760180282
0.04706162667925067
0.13918645515350128
0.2641299955829691
-0.18491196786185118
0.006337091810717634
0.23798846975943988
0.2188207282407536
0.029551711633311058
-0.313690890593336
-0.2667950102885752
-0.0983011931210224
0.10817192634606912
-0.31306903415803267
0.1660217121378725
0.38078287877562117
0.25368378680160125
-0.3159633672472964
0.18061073499376556
-0.03879966363552602
-0.15725765141950365
-0.4492790752047774
0.069308939991252
0.34961042032766537
0.23138333605005446
0.09834507391702793
0.24664928439840292
0.12239011287143416
0.023074496552641533
-0.20559574510337805
-0.1793280818408387
0.06328387983251148
0.07754450786279936
-0.4450827089851482
0.0014905653740633629
0.012917867861639537
-0.05064439493468155
-0.44053749770710715
-0.12014234093921113
-0.13972767221889876
-0.3033927813049663
0.08936234085689237
0.4139727177411955
0.16374427977871706
-0.005324068853746242
-0.17754495043572427
0.33590109117519634
-0.14349706831235234
0.1180510030692867
0.09124275481460697
0.25121570184553016
0.10012337818325974
-0.29890990168003323
-0.312659564231694
-0.08347008781816055
-0.12590429715339713
-0.09692638039296397
-0.00984112582411592
-0.22013088698386765
6.328905974862115E-4
-0.08416467119764934
0.08420816644105633
0.21200948655473537
0.1089488055064667
-0.08655339130287394
-0.11185869003450515
0.12281045234479156
-0.13772891593196546
-0.11219229078891783
0.11864484084717654
0.21718143704499535
0.08476473200105458
-0.16456433191099662
0.22148527295649803
-0.011451007516979774
0.13090195088421203
-0.16470058085616623
0.24922302303205265
0.03381197281641884
-0.08283014368055443
0.28335220365906366
0.12500867630497747
0.023504814315807587
0.05122013198722476
0.19279701473754174
-0.07628473977146563
0.13216052957019367
-0.22513267655554103
-0.30877085494408235
-0.3279577690949781
-0.09015150687333402
0.013799103424806813
0.021858792325190123
-0.1915851283533703
-0.16779197303686086
0.1786134113808619
0.19125481426967417
0.20682906680115548
-0.018627223510765893
-0.049498169117037964
0.17225077688605675
0.14727887095306075
-0.008445331613990338
-0.2262367967082572
0.06140072709109919
0.04973522922085678
-0.006592423718822523
-0.29653731121230525
-0.01026581212177423
-0.15004364332705206
0.2880982028841249
0.032733283368863636
-0.18676687728319846
0.06008387478109985
-0.27230838052059203
-0.012247129202444964
-0.13628981360674997
-0.12374336859313313
-0.16988364952912216
0.07476054953213439
-0.13934788396065234
0.20964260411253074
0.29598562581132537
-0.05341314857737128
-0.1118063248756112
-0.2412296241247077
-0.19273384026199747
0.1466125931856012
0.09063959263919402
-0.0030465994957043496
-0.2536810277376185
-0.20188112336502062
-0.1916218450614503
-0.31219745752376465
-0.09480363131041059
-0.01884943856536838
-0.20881412926292364
-0.15059805979841479
-0.24066621138784447
0.24290506497657238
0.19702902517254942
-0.19362499592517732
-0.24483268725626395
0.12231393301084388
-0.2442797369435216
-0.30400356259501604
-0.22238017819247974
0.2861457241801185
0.22987232500704555
-0.44657824846913363
0.3248496459302714
0.326386161884988
0.22608041395654443
-0.44173797122056907
-0.1569232140882427
-0.15285145419863796
0.026933566257788172
-0.03463435829708041
0.21764597531764313
0.3082207941739869
0.09370896267457142
0.1884664144804984
0.12365950153108614
0.2151192511537471
0.049937134851201985
-0.036939172841935874
0.2839706048526407
0.3844606790915591
0.07295421353479986
0.07164888630536449
-0.03552744375476601
0.04302906824919931
0.019314318305064863
-0.12047943689625568
-0.09157699853537613
-0.010481438165584686
-0.27400345552153976
-0.18173971821285348
-0.10530883887282833
0.0026337437022079056
-0.28042308239006514
-0.3032450078494361
0.1078047665466665
0.05495534951993802
-0.2835315989037619
0.22437231480426892
-0.1282262058530157
-0.2970475889948535
0.15458660054124673
-0.12370730131879366
0.34177721491545243
-0.04471364180490896
0.19745239864996292
-0.06287614705159884
-0.007890725403697656
0.24212853759639572
1.1875273460001896E-4
-0.2958594764496664
-0.034867891603603006
0.06552169386514863
-0.22926988211049626
-0.016814460646486434
-0.021675814968545214
-0.039502473629493405
0.11482708095935257
-0.30820472472917054
0.16003499606384977
-0.19242148112279475
-0.2798634463486758
-0.0643386132525425
0.02685216509961177
-0.25015480937814727
-0.037630010374140016
-0.2386726540867946
0.1582934045645927
0.14407996123872843
0.05015084389931933
-0.26346191135768454
0.2527621481330244
-0.07078415487700632
0.2966551404765571
0.1999782095611184
0.19394816068815202
0.25058066891845016
0.2679164214446702
-0.3389999059879767
0.2549292521139437
0.20053165946835122
0.08258768328968594
-0.22513390399185684
0.1708671743607247
-0.06903007797173863
0.21740400643722216
-0.17571957826876
-0.02717705405361349
0.12990896667625954
-0.20980221785624067
0.13604747789877988
0.07281028958390816
-0.02710364924222738
0.21157037608708554
-0.04974070492284733
-0.0013741712080544987
-0.07410549161131226
-0.041179324813434504
0.11253718419145892
-0.15932743662183982
-0.08794087303107476
-0.10914259391908096
0.31374813539991403
0.2051041564393204
0.15588687264724216
-0.0696170025863619
0.14586394757449797
0.27368236622444314
0.2463711022694194
-0.18140984643371522
-0.22078839734989572
-0.06642495683218674
-0.1785857044308916
-0.1363262469917526
-0.29866247653216116
-0.01709233374560858
-0.2659673806565454
-0.16691548726459968
0.06068610848547584
-0.12279474137214591
0.14537223622933904
-0.1680564618373134
-0.041675215723362635
-0.18277446708516099
0.03836388280584669
-0.21933942457620825
-0.014735118312452613
-0.17438766998701075
0.007656729448647075
0.13498887349011998
-0.32893213257624976
0.20945351539878374
-0.17467484124297705
0.07794549910871526
-0.2940471519874808
-0.1423430084284371
0.3136496682283125
-0.01796204492608465
-0.21794765994215198
0.10591882382311954
-0.04548659826666626
-0.09298748770081952
-0.3091278077221625
-0.2687767901817792
0.12189462821998037
-0.1414018023761202
-0.32175551571785704
-0.048707386394194904
0.3562578663940944
-0.3144807702019305
-0.28085471041116533
0.27805514106767315
0.06969695232016351
-0.2537488271122034
-0.2509581331553838
-0.2923334055473547
0.17040914641018154
-0.07723893498353789
-0.2775227705735351
0.2906057048337792
0.37164134635416246
0.0231823493253124
-0.10771121153993907
-0.1620822392136561
-0.16127664013767873
3.53694456244262E-4
0.023377239100908158
-0.053917782887025964
-0.15355231604663552
-0.17327040058014623
-0.22718484995800461
-0.20329280093308044
0.10319792907675793
0.13263060312328728
-0.1547151462600413
0.26512122701362445
-0.10967577715263815
-0.18843695747101813
0.03735026389632708
-0.04386617101616482
0.108216791090995
-0.25715406870758833
-0.2395130266211229
-0.12109364516379627
0.2296214472417314
-0.2926875057766984
-0.3276388889321324
0.19070251025811932
-0.19439827853238828
-0.05181871686062589
0.10292027732287921
-0.00398675135089506
0.02216301769687981
0.16368607018095913
0.16853264204008042
0.22243418060461173
0.07309188167641
0.04815390147723453
0.2123832038981602
0.13971357907244344
0.04140770493126998
0.23121312076981
0.17642310119560164
0.09324790265532082
0.12670716374098911
0.14405143779514593
-0.01883914535237505
8.443199675690363E-4
0.2322755548287652
0.03376101231017143
-0.21893646803476075
-0.23359259881282393
0.14205419829573157
0.25372053272990613
0.004927640368115922
-0.1354740264013788
-0.09717065603147415
-0.08371737765714522
0.026839920002257624
0.2504004864878892
-0.25671435771104645
0.17628659724580337
0.01021055981591307
-0.01826236475503692
-0.0618250515282795
0.0827615296829943
0.16380496390546165
0.1595875708041877
0.23469015124002113
0.17545470290553228
0.1880326170406927
-0.1958338034440998
-0.14350582472375392
0.020203394254203665
-0.09563406260373457
-0.1705166224251155
-0.052890460630350765
0.15537614295448904
-0.13613216049311563
-0.11452456874829779
0.11262993329029865
0.07780568261294556
-0.3403441627652098
0.3422454754066647
-0.0970094419891755
0.27341780360651796
0.21783643483223178
0.04116948566096252
-0.03594762705010951
-0.2710050325674963
-0.11375862282533784
-0.12198797084350715
0.25949039842161664
0.2613041993542835
0.16523874939806427
-0.09421390438894486
0.3717005398688521
-0.22177678326289696
-0.13183467049165343
-0.10336786890387674
-0.19087302602568876
0.0563664570535446
-0.5039824012411457
-0.008060886198229186
0.1682180357789272
-0.05839796248669549
-0.006396611352830434
0.01204825747204416
-0.024544392184539337
0.2713488885522866
-0.1454675422940236
-0.18243127553345606
-0.10996928088646377
-0.2146870738117357
0.3285107918952852
0.15592732132536927
-0.320508558069574
-0.016903463789543074
-0.10730116831132955
0.08429746576217785
0.33067748723415546
-0.085672797801258
0.040338652333225256
-0.2764944860225079
-0.012597500734248961
0.1302673846600927
-0.12326547293762766
-0.001716657544310372
-0.23923990422487768
-0.053957521547531806
-0.1163524110668056
0.07794710221781165
0.28836869038898183
-0.04661635208407349
0.07356874646310367
0.2423013747069366
0.05790944714995894
-0.2510302958334095
-0.2570276667039665
0.01097243236909303
0.2939217751476769
0.06123366669161656
0.27520207751489906
0.0886066010365567
-0.02192856089280758
0.19429831132894498
0.2140564911616439
0.11904521504483956
0.22296350965022577
0.21419272342340914
-0.12926261084793747
0.029734024767080838
0.07145506133164738
0.19105804224958112
-0.35202599167898335
0.07649010400700691
0.11704973078694353
0.0689842838066583
-0.23890837063619685
0.19852040725744677
0.16662292888666203
0.09275312553028299
-0.09377466037155907
0.028248580826850216
0.052131503925363386
-0.11465863328629189
-0.3666523266145467
-0.10188937371753737
0.201122808944756
-0.30993482052036453
0.10000600402428214
0.09299331884930187
0.12997343200784303
-0.05613055978467683
-0.14061188801129326
-0.1241928353428412
-0.10512160564296924
-0.31860338474152133
0.04590894051121652
0.2972054016421617
-0.264374770867348
-0.16101588967298638
-0.3604244731657372
-0.12161102679646422
0.14802036871002658
-0.1720919352291206
0.29048596786327546
0.3098496612928057
0.13892428395655096
-0.04339565946836432
0.11419893891735845
0.03371213965353842
-0.23507474496590622
0.30901920141299977
-0.12728534161660313
-0.06277151016376173
0.02077285173810339
0.21086676777649288
0.008883578685170732
0.23930862716828588
0.3195667426150612
-0.08660934221034987
0.22381550944279777
0.348521026301042
0.03022783312870247
-0.042093535126659365
-0.04767904140246427
0.12678738843769038
0.11780642935437034
-0.2748315968706917
0.24371878479875217
-0.2074454223062933
0.3463801393144361
0.19148654230674253
-0.15218769178279376
-0.045113242168258835
0.3325931121633038
-0.0386056811526065
0.118909548150875
-0.12596272452287463
-0.10077357471310049
0.24797184071976106
-0.33732419546758186
-0.14789974479843612
-0.023673315504418806
0.1937236526619247
-0.043916304077616736
-0.113946087625484
-0.2727567726747891
-0.1957614211110812
-0.15031473462040398
-0.022249373482136816
0.2586617413657796
-0.24095259437862201
-0.10689845333632422
0.19286557751015732
-0.14831322277839207
0.22980295834739775
-0.001997296829338534
0.3226273826653903
0.19515361856516114
0.18950494168984436
-0.13492805750750994
-0.10708556017415488
0.05399706503944601
-0.33078954213093026
-0.3103362779714328
0.1301525305868477
0.019427620639472325
0.12416937569165469
-0.060491236703854284
-0.2869028545260162
-0.21450302834409263
-0.2928787151155905
-0.028429285575333234
0.14176827397545355
-0.17640442398036513
-0.17967599767633088
-0.07461493034530323
0.16226902757085285
-0.007719643554051723
0.17035716223844521
-0.07055003510599257
-0.019041652053383033
0.23992124073074153
0.02276539568203008
-0.17249954035361115
0.2314258542392097
0.1710793785192483
0.02255926578094997
0.01156872938198401
0.30543020525210224
0.011791468116129378
0.2478013591743553
-0.15291957842643322
-0.27292959027152736
0.2321146559724202
0.28857451776396964
-0.11982117147531168
0.18362999937018928
-0.05886170301450705
0.30220863444440416
0.15664517834669262
-0.09709208856132476
0.028150999224587414
-0.0831978406080895
-0.3313813026765056
-0.11026684599524962
0.03327622176712116
0.18988118930418055
-0.054168999054896076
0.23501153813312584
0.14607277112703554
0.0572847066610101
-0.10214768307925334
0.3016831048827446
0.2074951004845951
-0.11575461837435244
-0.22945146112762854
0.10306339587186975
0.17946628553802527
0.29028455359204014
-0.14816223901980502
-0.006285619320552448
0.10466058369366558
0.2341176783065121
-0.21626826939378382
0.31387403561656396
-0.002379215817834689
-0.03046938771009725
-0.3681665052035561
-0.1839428555430368
-0.11238256826434809
0.10167917005516562
0.1995983329047697
0.10327500722476848
-0.06289080655962039
0.07095940369525003
-0.0526154024920449
0.29725496626501346
-0.10401326236208197
0.12394801164765985
0.12196503694067568
0.07657940493794226
0.11450019893344503
-0.04119632872217014
0.11424039859997222
0.22814512290966552
0.18288453699400167
0.21110390026823878
0.21585071115369486
-0.17955787908809004
0.3347218662181262
-0.02737989181086916
0.017520683867469845
0.02708048117855765
0.13712631972376726
-0.22052241217222998
0.2108755107906119
0.09419167648939843
0.2724579929546132
0.12772761459876522
0.03941933241002492
0.1512713974054764
0.40224771497331097
-0.02141729748247729
0.04299295195787689
0.19709968410201442
-0.27147580205350824
-0.12605552031650483
0.21924063803300536
0.32391316534378967
0.0914953062199109
0.12807389877306002
-0.2168764691429962
-0.11793470193052341
-0.2517419934637366
0.21230149265020898
0.12785841803340223
-0.13637863711535922
-0.07958714111070217
0.2778492404658572
0.17918058420945104
0.25416129191222137
-0.31461546055391243
0.23624350762683544
0.003489228154094703
0.16034073483264616
0.04798083511563922
0.09535322452537313
-0.01820853881268428
0.21233915065703782
0.033106662088646426
-0.3309113992134366
0.06440634910352214
0.0638497176901237
-0.17911848719640508
0.18172642808821207
-0.09307919585316697
-0.31901835942768175
0.064719524897264
-0.16077034863142906
7.093909524117404E-4
-0.02865474291002778
0.0993526447285147
-0.29960902456384086
-0.18728589695325762
0.23844933359915504
0.21516485426507068
0.13017333307299636
-0.23373948067828745
0.012256468250980191
0.045685796083153776
0.036700981228808875
0.04804860710654824
0.1069676377351572
0.03424029077431672
-0.23718584532635534
0.24463498360681674
-0.2412674306429902
-0.2690764056841541
-0.18327504165002337
-0.3149281292489435
-0.11536265531785264
-0.18019669174026956
0.22901213906679413
-0.21616063673696012
0.13044748090300937
-0.19886414119103493
-0.2801525843440717
0.20962630545060656
-0.10405519920138567
-0.1621766166874188
0.05150806040900012
0.2755618897641948
-0.17683434138002274
0.06185186082577278
0.13942468223658178
-0.303575018965415
-0.09242939367660999
0.04867038514663287
0.09445161612701433
-0.01659920369387224
0.04337414109978428
0.18305215722147658
0.20146903366686242
-0.047767972149970035
-0.178079106222552
0.11896015542981932
-0.23583201997772252
0.2125919220121622
0.3428729701163983
0.061391826989618994
-3.1265987777431863E-4
-0.2650295922060945
0.1759270814972948
0.18189766174360392
-0.2056244667856496
-0.2462103785977706
0.24226939269208034
0.19542106423453048
-0.11215292428372217
-0.2117024753407055
-0.24079524197602653
0.26462427066339855
0.005810664050698645
-0.07084233986370148
-0.0498981841892806
0.27216216709541063
0.29294506338056414
-0.09417642834614849
-0.001711495879112975
-0.2053928365893209
-0.1764657438673718
0.15522364939009878
0.27700732819255147
0.15840969410192152
-0.12930475760834864
-0.14387623137232633
0.2549776825104811
-0.29241837542906424
-0.28298134897241306
-0.2588129386266224
-0.20346610519870378
0.18717825352547834
-0.24916919514839694
-0.03345707763628541
-0.00784428721817021
-0.1355114913306439
0.21963288429835778
-0.012532158529171451
0.3642566794273547
0.38425132439640564
-0.144040593923461
-0.22045452149420341
-0.23096759881531934
-0.15044940990906172
0.3023152197881382
-0.18902580433669505
-0.15239713283244052
-0.491331748690735
-0.2507688573283253
0.08461302971021696
-0.15108388848921359
-0.11298615301750957
0.21932863008182607
0.3864164149841188
-0.46641963209329323
0.008575051524664024
0.18863277226663747
0.1390085974296261
-0.11813635889908394
-0.10660641654956982
-0.32592278337301717
-0.11931246644411832
-0.08919403132616897
-0.4732394747514738
-0.24158348166205287
8.281368551117137E-4
-0.4006010307073812
0.1316731954195362
-1.0852958453087335E-4
-0.029930421130092682
0.0294308798291303
-0.49434443795431254
-0.006276720995972231
0.16831121310579866
-4.191528932031914E-4
-0.326140492063729
-0.23452365726501484
0.10032671413094094
0.1460241367214647
-0.005210513235865599
-0.0034698984822055944
0.1056684182610336
0.008742560855219624
0.2924829789206346
0.06983098064597078
-0.06508080251707202
0.09051996479619917
-0.02948304143412613
-0.2736993918407904
-0.07533293235778718
0.20250631121623341
-0.046801316228741494
-0.014550327466661647
-0.21057052108569113
0.15387833634070072
0.236754927256532
0.12304985946292442
-0.12178039833382658
0.29670758480829224
0.31845819218567917
0.1950911708116689
0.1486917785716954
0.27170358024367164
0.18985014458781352
-0.30320868668832784
-0.003281872366337793
-0.28525845014280715
0.09630587879503869
-0.13793236341001786
-0.04674241412562202
0.30775283133492204
0.11661322356856067
0.14135026137286183
0.04920981216529744
-0.23364110133306976
0.2531779271602999
-0.1878100138411615
-0.18655711172782283
0.07785266301564307
0.1595633470926264
0.10542880278086329
-0.33509531249930474
0.14458687326659075
0.027797393444138924
-0.03034804519453866
-0.049925976914968834
0.35706181834526196
-0.04902676083004155
0.0902502469167135
0.019327657247518008
-0.22565778838134146
0.12917035100679813
-0.21759999136577315
-0.17480986806287777
5.7724793629526475E-5
-0.15402913554846548
0.06514288894801458
0.2611466473882528
0.3386237995318861
0.21198714599227866
0.14622749641429558
0.2580243916061845
-0.10839636362225917
-0.28881086622181007
-0.2560287847342931
-0.21476652184925962
-0.26910787842741696
-0.009948113057462677
0.040254962822693925
-0.021123351486449556
-0.3048281570825894
0.29519399303189225
-0.017597368639857464
0.03966271398591605
-0.08233126949463761
-0.09013558518380058
-0.0035234129467996964
0.14327135064341961
-0.09907416376596419
0.1398751401076773
0.20684046237839665
0.12184574858784653
0.3505946219517209
0.12940751898303807
0.19604314611674664
-0.3366393552167101
0.11780943357221316
0.13849509652627037
0.28101014546756814
-0.2702157348848137
-0.1967398822585478
-0.56173387977729
-0.08488704983669453
5.505039468356205E-4
-0.09129366734742317
-0.29450972950823134
0.053779428697842045
0.39735573995396156
-0.06785536822407609
-0.4513836049051694
0.055550287966687234
0.3531977166098023
-0.5529232437360342
-0.5534047934490184
-0.11928807428827651
0.40694640828162487
-0.4470110582126936
-0.23548288343414475
-0.019472997313042993
0.37946872258178055
-0.18679879015977235
-0.4506707123282608
0.05676807024223654
0.11444553988124753
-0.28876773945940654
-0.21727423754270964
-0.1468478107301537
0.046504748864754586
-0.26625587384357924
-0.44657753958967916
-0.31373038560088573
0.4264214587279196
-0.6156928827604001
0.12877804114913763
-0.08890573930718124
-0.043459934718649465
0.09322561844545002
-0.20045463972730834
0.18889784402720827
-0.21701380636495324
-0.1958375829555651
0.2452250738084621
-0.266624493445717
0.2647882568464948
0.25529619354422095
0.30181689425940594
0.219074381311978
0.18101848161929548
0.2947387808648545
0.135561006369919
-0.15398730770286911
-0.2125095880624117
0.03280505921972313
-0.248966294153196
-0.013933055406437965
-0.24984754777633184
0.049241618523159766
-0.19112008514470366
0.25901717621888437
0.04701438680672945
-0.12548984000695865
0.004681076962116158
-0.07914126457254717
-0.008946323882574728
-0.10671449133283731
-0.14770814424822218
0.11093096099530404
-0.08313766539882435
0.02188074630434938
-0.16995548796877166
0.2738682734090532
-0.15756333619457788
0.11664463969284175
0.22254649481564623
-0.037459099880798166
0.17275935939028556
-0.06929837607718407
0.024792955818503923
-0.22370889857163928
-0.014210740582218558
-0.02394317680261806
0.007305288585757774
-0.15548538125467784
0.13821104070273696
0.03943337020426433
-0.12106367216715534
9.940620154327323E-4
0.1942789362053794
-0.19987360029181162
-0.15025099415314666
-0.1615126248618723
0.13203883110932363
0.12714122334872824
0.2457079011923687
0.0851626117000179
0.2697017250119551
-0.0917716660852779
0.02793371182708014
-0.1241765818818947
-0.32282732461206287
0.15204700824741274
-0.2050229624536756
-0.022415193322953254
0.08760049790969084
-0.185962737088141
0.027969835516811897
0.030902858506251595
0.0639960893157963
0.1236405998408735
3.9830580110226726E-4
-0.0247956776553857
0.16160845664228482
0.22324301671248167
0.3265733996605494
-0.25956185648617464
0.015194537356257021
0.2544826285562093
-0.23433972872927106
0.2676412263121545
-0.4090475596454414
-0.18376501902434308
0.042122794827637276
-0.018630546852198348
0.08148421532036045
0.35161889940079166
0.24125652526634103
0.088497353298177
0.024164442580793474
0.2617885339105094
-0.5703888022683731
0.10987854390838149
0.6074419121909057
-0.28847769077596463
-0.6861225701016983
-0.280409572280901
0.8717488449526872
-0.3846867983084421
-0.4985401692869586
-0.12026972409745766
0.8106328230033273
-0.41457340024392764
-0.6029598863766672
0.13105575892719848
0.656688936620693
-0.4771722031984503
0.09202192459508939
-0.31685507224736387
0.24091203559921628
-0.4310212854400179
-0.46041899737593245
-0.08182061029413716
0.4125240158029898
-0.725069928006943
-0.24315663962222886
0.002885991829759035
0.3693449328964523
-0.23946194750011804
-0.5016440063169394
0.09157823707013953
0.3786935575377758
-0.6568327990267764
-0.32515224445880136
0.0026500585734080804
0.44004935784016397
-0.2469301326936231
-0.26995131143133294
0.14173793986597377
0.30251954873128595
-0.26843062382492294
0.21542989742967394
0.26946818154971225
-0.001793156922629202
0.23130561046047407
-0.29101733565656857
0.03551188607940019
-0.28941067235077833
-0.14115904127796042
-0.07465756543342483
0.08855180785477304
0.2396067078548868
0.16836776735284575
-0.2297716647752883
0.2319313031517328
-0.08590351513477044
-0.0066342048925459324
-0.12149394060018236
-0.2496378015568598
-0.20767600924284532
0.037829211483265
-0.022593107471418145
-0.2503174363434522
-0.028613692112328993
-0.25199149041600727
0.2732361104983341
-0.2500904337815158
-0.009821112104874703
0.34247716107495146
0.13556153352665823
-0.1406119880348234
0.12267879522671035
-0.2515489838016742
0.20449959903704448
-0.3129590181182683
-0.3360300315515363
0.14770605614482457
0.06439602682156245
0.09265419123818616
-0.21135153032025825
-0.029234378642958022
0.19232039689992705
0.07273935853523401
0.20008912278291494
0.001095481887301413
0.1850418557172141
0.1395087795071719
-0.29672181974733874
-0.2802859871864048
-0.03138542833145492
-0.07144346693169364
0.24314193197448808
-0.01486011925079186
0.1438845804408159
-0.10443756216109662
0.2025736907868944
0.10538186438135518
-0.19200011976326242
0.09387537343446331
0.04427321036937154
-0.15708684045874757
0.18563112386453565
-0.006787454497324232
-0.11136236233231268
-0.11256063319461135
0.21384987240628317
0.29103345803064734
0.035318271933068614
-0.022173886567114713
0.3726211500324447
0.12861253358714042
-0.4095432766294093
-0.04586073210932505
-0.2238300012234465
-0.23951799708111138
0.1333110161599937
0.05806417831958003
-0.067334981872569
0.09182501922936374
0.19343059240399704
0.3325467099520278
-0.08736446770546086
-0.2919624935160953
-0.047109104753476586
-0.24529862419589865
-0.17959349684738168
-0.048410445672010964
0.23075045057045396
-0.09295940256640126
-0.5876731193396495
0.1492267647522312
0.3607021190765429
-0.46535906524302606
-0.36224483611467573
0.2101790322097909
0.5075153171460928
-0.5722164530749083
0.05228088839547721
-0.07798995437370322
0.4336493130732395
-0.346798304149183
-0.3241531282762896
0.23902627793320083
-0.051410466946564946
-0.6042588771467288
-0.22027858659341584
-0.0954455367858856
0.2468488002975299
-0.4188920408642509
-0.4621367909250267
0.14417580961680224
0.14258181471814282
-0.6720625050093162
0.18808190446760212
-0.19183912179671797
0.155044462913969
-0.1335876824241187
0.12058629080897888
-0.19778496113643868
0.46002402638091855
-0.46653706702353387
-0.2137390706482029
-0.2352473965852439
0.11389985203576385
-0.36557597820208965
-0.3011982417652371
0.05408006753345446
0.27771906440399313
-0.10107225702734243
-0.3345017758866052
-0.20111061605529487
-0.20807137387709912
-0.07019002370686642
0.2522157762948814
0.1339033473186564
0.06215895993375088
-0.049410537282659886
-0.06963551546479102
-0.10921075036558578
-0.1463155407308355
-0.06745006624572204
0.03572724444567539
-0.09922675675097785
-0.2916980694278508
0.23062167314016124
0.06715838148216109
-0.2089292752598217
0.15629786475317192
0.019508134080576407
0.2872798611753507
0.11506203978199704
0.1246239742385556
-0.015654054134330703
-0.2122023393867692
-0.2735807024694881
0.2558665900109326
-0.22548051377220044
0.0343496458276659
-0.002046300151094251
0.25538005718104084
0.3183282112944743
0.0967726322781852
-0.3085713824804943
0.1632273071760924
-0.15125782128922188
-0.16894684042830893
0.12376461923475611
-0.1072812907873439
0.07403700521571832
0.2774666336486728
-0.05447410238569531
0.17304665106631703
0.2517714418025029
0.3190627572203881
-0.07387473371474895
-0.41800523861979455
0.30957975283441286
0.11653915918441922
0.06365717832702042
0.15676709079836879
0.11082880867611747
0.12474440610363374
-0.11575997730633437
-0.0013458450369103247
0.23090607748530123
0.1081796910556364
0.04598731994261248
0.12945883076984915
0.3348027199054908
0.007054159708141206
0.08099243018732659
-0.0054489026982094775
0.07409550563900831
0.07320799063229208
-0.11856925856197226
-0.1963043475542162
0.2735393255362222
0.1485947367759721
-0.293611739347047
-0.2881637925534356
0.041180068110422664
0.04874280499067769
0.28359442587350514
-0.023247702592372823
0.19138903130513557
0.2396071482363168
0.29904768557819744
0.02565881267149841
-0.17203367337204237
0.12606806355985165
-0.22203814164245853
0.17547731738420114
-0.2613797168131723
0.2314056378837227
-0.037707366351309585
0.12363640881147096
-0.3316005854024308
-0.06279639704953613
-0.3322246988078921
0.29739439568554604
0.1059080036365328
0.08406636894581594
-0.08063272608035034
0.4691578430134016
-0.04774355572666532
0.07575343831784159
-0.3595717509783137
0.20838661398072364
-0.26590873749871513
-0.09517593865506843
-0.2113803103896125
0.22327611510614226
-0.034571432390416414
-0.1896544526288666
0.11528410309695684
0.22359492750444407
0.016268757331324175
-0.33508856194040637
0.17676874774352053
0.3423852847439866
-0.006451129761883353
-0.3054240862654325
0.09814074770953328
0.2538519771818729
-0.054629121447306105
-0.017888177785185463
-0.062276453010955406
0.2631062973687274
-0.26985096095982375
-0.36938619487103846
0.04497114354650895
0.3719222781823084
-0.2995152554332708
-0.34121399302077715
-0.13707060592465983
0.2424055941247434
0.08045534163296718
0.1701027830016379
-0.25157933356798945
-0.2835086012944047
-0.3224813637533388
-0.0340894780111781
0.1295161197003381
0.21673406953500937
0.12515449113422777
0.05869741906985899
0.0365725238815954
-0.21892680287254607
-0.18941128671936497
0.023223369905907648
0.05648539919565933
0.07848499796723094
0.28127249890196115
-0.2104083853627925
0.14455134778395398
-0.18228099883410484
-0.253281956482147
-0.031277544712297226
-0.2588170076623418
-0.21400273931024086
0.17533205825802217
-0.2719100296267959
-0.17595232950277687
-0.13694788896883842
0.19695662449455217
-0.1853888277617967
-0.2198699733109119
-0.10316396367160804
0.02089975160374013
-0.06576621080961288
-0.29222594382995787
0.12062022805386877
-0.22752426744058898
-0.027320832066087118
0.27789494443710333
0.1097021782818414
0.11372525933503226
0.052075263175563054
-0.1272616107478014
-0.3348103638779181
0.15793489757338786
-0.21940461068944067
0.2887641280844276
-0.13030966104517322
-0.20344757511978884
0.08527645396445283
0.3050605869168195
-0.16692380827774456
0.1429277538981176
-0.07805686044988415
0.3017502122830532
0.13239566256712204
-0.021825607318495803
-0.04317318963540334
-0.12979870183899442
-0.1325202248028346
0.20330349891646984
-0.2976480746977733
-0.05390446808519249
-0.09089366922798314
-0.2916749714300101
0.009342660462566186
0.20909281806305519
-0.13168662221622943
-0.027314146994654905
-0.010713189929180536
0.10709133281054306
-0.25930480419332375
0.17612094823889463
0.025670678699241774
0.28642969751282626
-0.038168107695124916
0.3496196012106348
0.09210109222944625
0.028261698349168012
0.009651399941232435
0.17010617230801406
0.1155029605602948
0.12858528416204096
-0.23707430038670696
-0.21230412719309974
-0.3574567258559827
0.16519115957868877
0.005727390523060115
-0.1483444341527721
-0.36284391600017585
-0.018389187576803096
0.2986967650693754
-0.09001365538737664
-0.14045490142546596
-0.0392503617261564
0.6336132334606608
-0.40784593600928765
-0.08775962531888386
-0.20894360813584867
0.34304643810836066
-0.26041769852685687
-0.17268161402985352
0.15258020073915568
0.15871876082712566
0.08548845667076983
-0.4958960845283708
-0.06917963195611221
0.3950079646040569
-0.352591815190817
-0.3216485384435192
0.035793610153628135
0.3084760913235794
-0.5358217935001215
-0.3768577454818985
-0.34659411082767266
0.12228161956688229
-0.35759049904232204
-0.3471225910779896
0.0019018719724896611
0.23208804869494554
-0.08305122398303305
-0.2121046221403202
-0.1966435004984664
0.2708390983910306
-0.11888676800298478
-0.14910432108951271
-0.14470390935331356
0.23692668026108676
-0.3959811392683063
0.05915166700295446
-0.2242910523945651
-0.014991659465979782
-0.07857910178039455
-0.2888387116802986
0.19131941871278246
-0.17444291275741414
0.30066045856745927
0.19604077395744982
-0.24880018985968247
-0.16357406824795692
0.16734224009642995
-0.034471767974683064
-0.014895573813848291
0.05667850175576638
0.20966987405147286
0.111943984090427
-0.16153893831397134
-0.10363902612064113
-0.20347556328511407
0.049397536041472206
0.1931277599213266
-0.007558003371261583
0.04980065550201883
-0.1872837277972571
-0.0769520375366785
-0.3290096276089316
-0.08449582885019523
0.21987739368100342
0.059888244745156013
-0.20854337094316516
-0.16814523681671126
0.07129411557684169
-0.23364678341513256
0.0899212188292151
-0.12310346169915845
0.295764332763428
-0.23059939117900757
-0.14400523485397995
-0.21378706465551695
-0.040754011527554375
0.123662797178658
-0.2728772910230132
0.29724853578130306
0.2297568974855346
-0.05829528772304115
0.16106659888935373
-0.04119801982338128
-0.1544775420836499
0.16283238093576374
0.10267529304199727
0.016730144022671804
0.09490634377936807
-0.032309281666145495
0.22323988099299363
-0.11093043829191881
-0.1834141424217734
-0.02902630054594284
-0.04578206951179195
-0.15732685670147653
0.11779554462976255
-0.02775668140930123
-0.15325727915879758
0.05667567324281401
-0.30230135352420084
-0.021674735810124
0.2869711395709662
0.008004550495203313
-0.08803939250630087
-0.19915900093889277
-0.11751020414212551
0.09090199564082849
0.06023997961524433
0.01902475682140398
0.22931769859809745
0.3355374666063041
-0.07066118350786124
0.11224390746133048
0.10599387106892895
0.24898435697216342
0.12237958479830612
0.28674132566846494
0.286933550192214
-0.2538082103805993
0.1821420329754688
0.018206753591728173
0.465859844848851
-0.18335551083969673
-0.062471320928518266
-0.32468212612914
-0.10682058334814967
-0.40181695484564867
0.056626606584809634
-0.14224853825269917
0.3466741674660342
-0.1832331832665278
-0.47912353228085336
-0.17841029313417947
-0.005870134362850715
-0.3070217124381344
-0.1259312678577557
-0.15926426971924157
0.3341812505374235
0.008445051741290779
-0.3572186884231654
-0.17169662854077186
-0.010833788850394047
-0.09221873966232486
0.06983197952948993
-0.1759979073808547
0.1661344534533359
-0.016989053840600177
-0.2700570073867007
0.14741444238648949
0.16244451081349723
0.03254324017524145
-0.34583301794389826
0.19198028444107204
-0.07121991614310554
0.20203736594977215
0.02964047133984993
-0.22691456889461142
0.1448609972250659
-0.2093536057698553
0.15084445760529974
0.007622979679723954
0.13146719530547643
0.22567794976430972
0.15740574379591998
0.2938206871446018
-0.25219459174700276
0.0328662944496043
-0.023061061204526213
-0.22503418046768206
-0.12496287459682076
0.12166300130339305
0.08978254693564432
-0.15306780322314686
-0.041739294534717586
-0.1709987277552927
0.20050471809562467
-0.28851644623289513
-0.017946158002711377
-0.08658505271736534
0.0029348154009049316
-0.3004134794240318
0.1419702674149417
0.14050584031836813
0.23019264770347844
0.191325932707447
-0.24998530338101121
0.05278404124758479
-0.056540833487710114
-0.00665026418864035
-0.166468765604186
-0.07080302208346462
0.13305799051152004
-0.3141792657654193
-0.3035714292964573
-0.11714578937957328
0.3279992439730507
0.19152961165060348
-0.3127269476427756
-0.11051299230306512
-0.23485712755007898
-0.20671330234716712
0.040413850198684396
-0.08618420784426291
-0.07041022807896105
0.19900705171439484
0.24170217902683827
0.004128011066734132
0.1468254827720576
-0.2578610427425462
-0.11432389220151412
-0.09586301809344705
0.320474310449033
-0.18644753012721807
-0.2806480278441139
0.29493340537494234
0.11669611935857896
0.06842142003748003
0.09939507903401809
0.10075317152062946
-0.2507379887414231
-0.2653107092491129
0.13353814879968054
-0.1919071566096463
0.053721371242395115
-0.0572972177506584
0.18025473483353055
0.11698898090211274
0.25631491017417374
0.23286625675451306
-0.20826266353536252
-0.17248293886803534
-0.21979577243927587
0.014183055428805578
0.1586747359080579
0.0835555491222554
0.16365151653265364
-0.23627470184829347
-0.149550343694385
0.18348656669338076
0.216711440441145
-0.06369732733141042
-0.17657133265686847
-0.06414480320647277
-0.15473867594466387
-0.011302304395236275
-0.19786431276617863
-0.2646498116189089
0.28421269412820543
0.20666685983166955
0.055827629950212995
0.2824821885976194
-0.17032733624116772
0.2750810158368277
0.1010952906979519
-0.2826139433061146
0.35914397477517807
-0.1391917057470078
0.15673049081253992
-0.13786878768131886
-0.29204431227292965
-0.16399348232437097
-0.2442376780209448
-0.07935106028729409
-0.2591468075097667
-0.2872006970615988
0.22440313934591735
-0.0655520279756976
0.4316593299315693
-0.23342539460408618
0.05834072377651161
0.19143342825841375
0.054166233350864644
0.1140762183188844
-0.057854748133640624
0.06045626579222216
0.1884479808221318
-0.17874740569054973
-0.3354425087065242
-0.2719341457628225
-0.11303500492459204
0.2902369975811417
0.1580914845475679
-0.33880836897414834
0.2928954937980144
0.02130744812954332
-0.16670094484677453
-0.20047252877623772
0.20431125860816618
0.028221765838488417
-0.14794533850339694
0.11551507718595547
-0.3338636610441475
-0.01979919928432792
-0.021173871721326527
-0.15950381019191917
-0.2880501504081505
0.1513033218571203
0.12756731567285093
0.23186117564243305
0.05064355468314113
0.2104619274129944
0.05063094461098748
0.00839883148455481
0.05059586944717742
0.012764279610797504
0.04624992158669283
-0.09754396609959377
0.1936857516202154
-0.17914187577782076
0.1112883243391381
0.16796213266499868
-0.23801209442793306
0.033474237536503186
-0.3080837435068687
0.1438389394963685
-0.08652106581434577
0.10662093822517243
-0.03559144179313828
0.2627856019219802
0.2919332119886894
-0.09010372857915747
0.22611462278415903
-0.050033247649679216
0.13135412074663402
-0.2970936782749261
-0.012115962640523462
-0.06276049045505361
-0.15647485855471685
-0.27494980217984044
-0.215534750895447
0.023109599311870104
-0.036050482997774906
0.08569842577851823
0.005789362547202857
-0.1736178552718659
0.3238130742347595
0.21452026607878463
-0.31022916332806394
0.12123367929602709
-0.025212857721544534
0.145385483411546
-0.23734774334322425
-0.11210941117899906
-0.20203515607517075
-0.2598547802217331
-0.00945108998012325
-0.10425573721193862
-0.28095534373975944
0.06556758788553209
-0.019463664413006083
-0.13230240552384978
-0.25817859081534794
0.3069247046157226
-0.15681088699244575
0.05940057418015415
0.11615233298667296
-0.05024079392187621
0.07452853990420273
0.19010480622256148
0.23589715492017535
-0.30661108886601857
0.2739670299769744
-0.019698589870760896
-0.07504804706085574
-0.19321710670284645
0.25534580530789047
-0.035505692758690095
-0.0562136963681887
-0.06292991545574082
0.24116049968389716
-0.10738534776597303
-0.09139435763246843
-0.153639323488949
0.1970954200025369
-0.20852071570920921
-0.03288294112403221
0.14434256748417224
-0.02942438508030861
0.3912166859103242
-0.07392294531671491
-0.08290084751238663
0.23349889118890083
-0.17848325099952364
0.19319899753573652
-0.21312569074416043
-0.240432563266514
0.29581224494335107
0.13972140209701653
-0.12162006879273013
-0.054104987360724006
0.09484977625725773
0.3679667828162456
-0.26225607830109027
-0.14203178041549516
0.289817014340085
0.06392986866705054
-0.12592526738200557
-0.31377299099145306
0.11760517157197421
-0.1333235998581026
0.14645838941041084
-0.37034306279967677
0.3829551391508047
-0.12580546081178656
-0.22340178425354115
-0.2568487532251896
0.30893622824345807
0.2677550057669532
0.23218903735983498
-0.5776271788805784
-0.08363721047236598
-0.1540755822510723
-0.09634294933263868
-0.39216709458280746
0.3419407702730169
-0.26722784997513843
0.009305727070371453
-0.09546206295752996
-0.27013221434567664
0.2694601880434352
0.16751293233395434
-0.11145258626727317
-0.004871208737645166
0.0017100546438375442
-0.018216795550324898
-0.20733750697372832
-0.30419481024767375
-0.23930216228978543
-0.19728636686437898
-0.08141423737490674
-0.09463076509199278
0.3181063620562291
-0.1090758789845876
-0.30633833701669366
0.01780075570638566
-0.03689881187916176
0.19275016051785915
-0.14016578453107806
-0.08739752597592777
-0.15835576116967534
-0.30161069405044105
0.28315263650040245
-0.22627259375108932
-0.2474514049424746
-0.19854627490104781
0.1931179533022341
-0.11332567660328782
0.09215383357495167
-0.03242628958378544
-0.11216633173165526
0.1310714366462691
-0.1558883380678717
-0.1538447296108406
-0.23559746315747826
0.002964846510451401
-0.09716547565434155
0.2789815071190179
0.29624276656239035
0.1390728116461962
0.2828681589201377
0.27069986024273296
-0.211271079107831
-0.23963798429742708
0.027242657916933727
0.24526430082186162
-0.3121014222616282
-0.024848367184647453
-0.25178809283867193
0.19003860608010462
0.20008658201062474
-0.19445425577735917
0.25210941899762646
-0.1591255227928445
0.2816260212134185
-0.005036283195662104
0.19060409444328386
0.2251465840078951
0.18733556703876839
0.2114100829837221
0.14253308401722786
0.28440604380000944
0.12011377245310978
-0.0435760507858767
-0.029906663008868448
-0.18530778216864724
0.03655346631113447
-0.060543856238737814
-0.06540385910805606
-0.09937875769276924
0.2923190493315732
0.26104593407124604
-0.18969905221463915
-0.1778190912332494
-0.06407938499765337
-0.03450865824336184
-0.004388930553854431
-0.27028772484168406
-0.033994608544278354
-0.06078015281118916
0.24317787101788055
0.02229089223523431
-0.013847087355235583
0.0967596530392461
0.3165133659626265
-0.11200712348849994
-0.3715447465094836
-0.15159018529860172
0.43684084042697124
-0.3057026022098027
0.11826065750878313
0.2679947760381936
0.22536129794124313
-0.29628369425528717
-0.2235743890885067
0.20716652951749798
-0.040901177449015835
-0.07049896598152433
-0.0815222720376113
0.19982160025597182
0.24102821851802353
0.21203872374449637
-0.0627833599771478
0.4581181237792458
-0.08208168685733379
-0.13133561740996763
-0.14522455650949867
-0.0015954260566872632
-0.2012491458686912
-0.10559612263588632
-0.3577024544982407
0.3918463277300536
-0.07025137054479552
0.2906073723686974
0.03323306584558642
0.4229529851498203
0.5798679103301363
0.038388479407937194
-0.3354335385212189
0.20730656580552534
-0.2771103040602003
0.007473456679665811
0.22599319135425605
0.17034669145190817
-0.02344099519649329
-0.25406040083641374
-0.168815745691161
-0.380448742838452
-0.12452381439585421
-0.2075198433591559
0.1703574679171912
0.12107670042320859
-0.2187212152553818
-0.25729032673727154
-0.042781841527504826
-0.06431060205194822
0.01641797507875698
-0.19737598788203845
0.0705122209423443
-0.2586753330798682
0.04968855745497724
-0.2796445850682136
-0.3228561991942683
-0.03715116598744295
0.2269190943478547
0.07209116279367253
0.05475591416421908
0.01910068024386348
-0.08965986397207362
0.11497868322213767
-0.11459077074534839
-0.16614726481769154
-0.11987914067797023
-0.022932961202774344
-0.25756932710194275
-0.0903264056591492
0.08426497830607918
0.2325311855649206
0.04324492702579609
0.17492185656451978
-0.09169330190336573
-0.0698444472447316
0.052942056990423605
-0.21114663391672575
-0.3020322515918234
-0.27865337533774626
-0.08886975202150202
0.1464701877052695
-0.23867946548363692
-0.17010627283254107
-0.0713132990670843
0.32374596509519765
0.10498670311701934
0.2541761669685948
0.14144908079874177
0.10560263500668288
0.025497869481615604
0.30775213411131663
-0.33123073489197297
0.01160623859347399
-0.0870384815601991
-0.1754740056320133
-0.15098918328005628
0.2829377441146583
0.2711793377149158
-0.2631930228134697
0.057752439923590713
0.14751909740912839
-0.09912042117816666
-0.2283061770497301
0.16837499086931762
-0.2509472193092435
0.2751265992677139
-0.2929670440780762
0.22743716379599713
-0.23583334201211728
0.13862041034585504
0.05201675148576064
-0.0377550211764795
0.24592171692849008
-0.06590312582876375
0.1384183512243799
0.18191016921946332
-0.007856486293292459
-0.29256804332232056
-0.018797642054573828
-0.05359863598015511
-0.04580446952869651
-0.2188719969215993
0.2796684383894059
0.18479141919860248
0.05048892083872213
0.41970274626874204
0.1275990316471953
-0.29184475601348964
0.19518186445161706
0.15498395638315388
-0.1634690020634684
-0.1767300192372255
-0.09042957281971345
0.24608490510133535
-0.1336306644518365
0.18502819661234532
-0.06905686758676674
-0.18313836358241076
0.04243355980334885
-0.016140131387483263
-0.18080083601595826
-0.29161672841021863
0.02513955673121308
0.011411819221806733
0.13069067086080904
-0.0962032331782215
0.24677400142976946
-0.36254637336826234
0.2875005693845037
0.14289610175135276
-0.1915089807847796
0.2364123057590003
-0.02715954863682813
0.04569416783382799
0.06451506438032614
-0.33366054640516846
0.1801021861129895
-0.05065871823055778
-0.036420400745301965
-0.1015539196853636
0.21442960663849717
-0.11621598993875285
0.22973896810944838
0.16544300222579197
0.05128737583333217
-0.5494060382344296
0.013019115702732634
0.020682813509770775
-0.23317337753125295
0.39520123863342904
-0.15809131938711887
0.1192027286972313
0.1975406041614291
0.21078677551900668
-0.16833775812045193
-0.18540511032287985
0.1352175043163544
-0.30575953260706773
-0.16640935209992572
-0.32752374509009374
0.2356275779344297
-0.1664556274918444
-0.0023292827285767794
-0.12018549059193913
0.0646083069948245
0.0038626378212386707
-0.11424614581272724
-0.29032254699607185
0.02372058923785838
-0.08963922600958536
-0.012292502745772272
-0.089604465390597
-0.05896254949158445
-0.3004341944189339
-0.2714377695649829
0.12110140190004504
-0.2676895721393235
0.3062030821716117
-0.2950686551699594
-0.2739290873635209
0.2702810500939193
-0.19044451635251555
0.19480650939507613
0.15626547932689377
0.11595826203341873
0.14788747635191957
0.18393417107307358
0.2712702242740977
-0.15242226235609052
-0.03742274781895087
0.22728390447990768
0.26419322970546766
0.16212338978490534
-0.09858441641432932
0.3112619308120148
0.052665595473502115
0.0550814209702503
-0.2121461110804891
0.2787262563075312
0.047115196290096195
-0.057492799162006426
-0.20189431347513803
0.23517147853242007
0.22375763266301033
0.11716006949687963
0.12180823610327667
0.27512240111796094
0.07501614928943667
-0.08982999474845144
0.1931766822682414
-0.028202478258719802
-0.32363084792929886
-0.24154102105810507
-0.12713109869930625
-0.03911230391976601
-0.2181335132166645
0.18541982915021354
0.06381520866546916
-0.2082641497944684
0.1426951278793302
-0.22279826471179745
-0.041050535953393225
-0.15832414961461358
0.15396364375937768
-0.08585289576844164
0.2594326007029391
-0.08581805195795451
0.050393382982780774
0.129636158950813
0.19241053728858712
-0.01850962202253503
0.03915218767968491
0.10018934251225235
0.33579951271207326
0.2921113737859719
-0.23702036896438647
0.20684671087223985
-0.12162090109225282
-0.2641863867825999
-0.030284254542546626
0.104614812694697
-0.17798627818266638
0.05016097012554275
0.0774653387704712
0.07001089334295772
-0.13473272422163943
0.20923168239101256
0.131254060199294
0.17125064980040136
-0.019966455200790986
-0.2643821625586555
0.07966813508556442
-0.1057976344047136
0.07982702868043583
-0.14406962993337788
0.01907436363774335
0.10949277218017378
0.2013189677371551
-0.24135187018420334
-0.16827518498097582
0.44871311610288894
0.2788310146361966
0.15977408293625356
-0.10013309652847913
0.0938994520316901
-0.03601720705307955
-0.22341991158265773
0.06641149522889418
0.0887449153571034
-0.257188720018492
-0.24335809381116852
0.10555863497790567
0.026292341333456117
-0.04072156318866554
0.07324349893071752
0.06293056656020903
0.01524124765858952
0.019920127828708948
0.11640153118411015
-0.180066397484917
0.1745279072859511
0.030335355296698504
-0.07525555037477448
0.2172210190709689
-0.14202632900827694
0.23724162300097595
-0.12334991539928744
-0.22461031326180553
0.15692170769437336
0.19554144456119482
0.07971001272301827
-0.2776226447569064
-0.17620982462771606
0.14611645830071981
-0.06392692063838427
0.15036673211595328
-0.18857376417094088
0.09466014302732731
0.24127915509217215
0.20528691047566716
-0.01587840028735493
0.3481662807925204
0.15099741015117385
-0.019874603422714982
0.3187348913391417
-0.04046947467781019
-0.21524246271181502
-0.28387378901807514
0.16917403717495427
-0.2572477539504313
-0.10130930558415899
-0.21690995170869018
0.20231323600534062
0.08285022412376211
0.08541931626151511
0.11925074830605313
0.14814491767424712
-0.014500727874949715
0.26182346835300857
0.20488202161347607
-0.2283626390504442
-0.2163637737001869
0.13814107276696047
-0.26752817386171296
0.09191712242110742
-0.03695473115298397
-0.04826768677389573
0.0033848788665554
-0.06378817762108731
-0.08184799917809756
0.19929292824822295
0.2986131942386633
-0.12642488290968001
-0.2424610107677294
-0.03331591594795162
0.07230727617993395
0.16464936830408627
-0.21164784905639472
0.21633956812623065
0.10647873219328692
0.199882697312747
-0.1337531974178674
0.08876746435540175
0.1912591672474445
-0.17222731993531915
0.3316305685007736
0.2671210099596198
-0.009679765345835537
0.1611490943562096
-0.025515977968216988
-0.07029315523621871
-0.24412934190842328
-0.09310681861198039
0.14720145057876174
-0.20522737183715367
-0.2758613377302394
0.23028819803131356
-0.19245778664912627
-0.07398085043118956
-0.12226237295613206
0.12696147254788284
-0.2551595344162169
-0.20980052608204122
0.24636560301929938
0.24165142606432236
-0.14116389916045527
-0.18563566660738692
-0.004940953464785836
0.20853565055626472
-0.0707443686019174
0.2869366411642069
-0.04917557034310536
-0.21573828709671247
-0.0224361602792613
-0.24185587981283474
-0.29915122197157035
0.03324094380876084
0.11282635072055772
0.194596160372836
0.23048837253522553
-0.060487147421034775
0.37306538460796135
0.09932489030980711
-0.22842465047495686
0.09918487597682918
-0.23812825334524507
0.053547592750536256
0.031349661881774266
0.22293606269788432
0.3113468815582623
-0.045346856236665366
-0.12345620063945852
0.1420898105700314
0.04196542511689383
0.01871037548391895
-0.026294253413779688
-0.0017268135087396034
-0.28606765258233036
0.2663249087890365
0.17949758158643106
-0.22907549032258823
0.09860884194805733
0.14134009548892895
0.06533809124385972
-0.07108494541509205
-0.08944080060821508
0.009034598518069804
0.23045215502298794
0.05179031815173663
-0.11511916736050312
0.25186352232783993
0.18633509928358144
-0.3808396860254026
0.2619509278412736
0.19157553026056492
0.18408804893474484
-0.25151110951875927
0.10984057824372208
0.02900280253143387
0.3311788048367056
0.0315392934495911
0.12643571305975373
-0.17018199576794793
-0.01590370453700474
-0.24220732327107614
0.1766425050242692
0.23112669177696427
-0.311905055946215
0.04412990785107981
-0.00965201396100901
-0.08858016629507509
-0.28741910828083816
0.26774963050344047
0.1126147416792324
-0.1431038357197059
-0.22955923741540904
-0.003335087856645985
-0.27862537454639097
-0.12273916556906563
-0.08092208782599038
-0.08879858775039369
0.1364117322438469
-0.17898155590680268
0.18688575857703482
0.04046938844402843
-0.20927429796192565
-0.14300866058644093
-0.2406234104191915
-0.2669592352361561
-0.28645950611874377
-0.2773572591519739
-0.32108248323721594
-0.1298539047029317
0.10649692199098564
-0.14395104208209614
0.19925830346444426
-0.16842024392093713
-0.043107827336990395
-0.05409870881741383
0.15447187418893796
0.2573459430300979
-0.2085490077794393
-0.26467539557302355
-0.3562856729083216
0.16913705851274158
0.18887367647592376
-0.11483229760670119
0.15660632418404527
-0.03947142438030558
-0.08945922815507563
0.060092040264247484
0.09665185545416434
-0.12115522612546052
0.1644645744940298
0.3079635305218869
-0.150842737820989
0.11775367559747446
-0.11868805400322817
0.11233631895789639
-0.3367389242830657
-0.08315083609328693
0.2604901796379431
-0.3094676735953444
-0.0275409521485145
0.2431189524159537
0.09722840452543191
-0.09459552616971667
0.4394517618151227
0.02130746171735883
0.3131426700156501
-0.04956597282172068
0.14277202871766803
0.0393955572085243
-0.15471488905816302
0.3075655796624926
-0.13190001277830066
0.3603922257519366
0.2304430780826031
0.12450248174957
0.21127286485237365
-0.14470345124924858
0.15420648588235383
-0.09596728500804261
-0.1367988727904498
0.25831865335245935
0.04931774760138799
0.18940630345655846
-0.13145469211057048
-0.19679955669437665
-0.14712014711775148
0.17350677882158141
0.09301214979542924
0.10962489566008635
-0.2620358138877378
-0.14863701289215897
-0.18944472041030508
-0.29885595611439847
-0.37105795210187037
-3.944688286146812E-4
0.19289443684291488
0.09440990514413734
-0.2428510738308564
0.16430362095634177
0.10106056552337937
0.16067503075663747
-0.17529289857498845
0.17319253897493084
-0.06294417553192491
-0.12552365173630078
-0.37526143238173293
0.16351065040111168
0.30317029682539254
0.06750703477189297
0.12935730108876414
0.27991902636128957
-0.05704766831919791
0.04646044467730757
0.09809476670711537
-0.2655970196258092
-0.27007803085595317
-0.09018391992689774
-0.09724740166707505
0.17029799042506996
-0.10051964295071354
-0.011191167636495405
-0.10088033499349183
0.11023385621574028
-0.24176260611942968
-0.21510274614813565
-0.36436082080129717
-0.3199182078636284
-0.15152407359581704
0.028350689742173207
0.07770053146254291
0.21268306092703854
0.08860644621988407
-0.06470858309360822
0.1817610920770675
0.2804066030415076
0.1567832312196731
0.20900115972384792
0.14585088323484138
-0.16945788301570544
-0.26727706081715186
0.3471468691883681
0.3767939157942473
-0.017145549344635597
0.09267515717854896
-0.013988493141355742
-0.014727600173779668
-0.14564902463386106
0.26644730170467607
0.19391479779634407
-0.11865867622480422
0.05706896889449489
-0.13249541066781345
-0.10682538346780242
0.10147092195205928
-0.04124093545082303
-0.2461863538372594
-0.1906989964589069
-0.19326137226968151
-0.050555843841042294
0.023150256335795615
0.3051620486553693
0.3421324392558594
0.1739528637858004
-0.01549787237542762
0.2541430798695574
-0.17962920935352505
0.10850151984504607
-0.16870146126441582
-0.03606217251392296
0.3302638029473064
0.27711413910084687
-0.20415383459041148
0.12099937047135251
-0.07301206262657335
0.2868042736596582
-0.07920687151479526
0.03857515185989978
0.1162133941337992
0.27073251442625196
0.28014778515135813
-0.29222976123101496
-0.11534133153947412
0.19920606776915048
0.1204671382407615
-0.06191400082167246
0.36451030493899944
0.13808983156269444
-0.10748260696452556
0.030692852731076675
-0.21677498861833144
-0.07822058803790227
-0.2586994259363996
-0.06008924995820361
-0.012978382904602048
0.19750143248633192
0.11295124099599252
-0.28118529570281825
0.35281443188974015
-0.08310348052101882
0.09592104232038359
0.139351875167564
0.10587271154964391
-0.037511715348012176
-0.3350115792265293
-0.10341729859204413
0.2660189456096116
-0.0424683749055498
-0.1067161501247975
-0.07106961376502095
-0.06257544993533636
0.16872349341361464
0.29808088146678885
-0.17442254390612294
-0.02905355737729247
0.019212625012856595
0.03731923433341171
-0.19057513731419848
-0.10064126287378738
0.09621361640937134
0.3639367002626955
-0.266763025220832
0.07963580235485297
-0.09697222038647937
0.3528789861762751
-0.29979836854630937
0.08369020690110734
-0.2073764738036221
-0.31640261753798565
-0.16674517785213136
0.0431702334498711
-0.2482609258002468
0.062160384924549554
0.05798047996942526
0.13087248127789122
-0.19237921256541368
0.4210753864369171
-0.08743966689261481
-0.15965139953634014
-0.11272514277716113
-0.34359231113559513
0.25066820598485845
0.16387540947520798
-0.3213520810834314
-0.24777455954458844
-0.10200568814374791
0.016304754910662984
0.1163816431500126
0.2113927580167512
0.10085990240838169
-0.18715466436357822
-3.1303071036968436E-4
-0.08740132541997578
0.11248845183451943
-0.09418350765429669
0.15471662602486583
0.2860172811075349
0.1713042350590476
-0.01379522964491835
0.1879781882290618
0.30115618043462106
0.1636376727114431
-0.1843721431827751
0.10656897755935853
-0.06939989146554897
-0.1589749595343161
-0.02457397727237309
0.07852478180219241
-0.08804267571638429
-0.22691456238983326
-0.015003731949135478
-0.2749631816258873
0.25471142773164357
0.27311937802360203
-0.09491394147358177
0.09951942040860928
0.3004586337569593
-0.037952925474640395
-0.3227507151457223
-0.12953810891475628
0.31571267979049406
0.11176501343679168
-0.23658703465101488
0.11398706679230612
-0.04100972560697768
-0.25153264805062314
-0.11751264582630316
0.24155111982237706
0.1638453249345084
0.29087452257223084
-0.07243212872310129
0.15902799574349344
-0.19963950774554387
-0.2239278384934255
0.22732906252929239
-5.945418340323694E-4
-0.1205142758771497
0.18597778307708535
0.02417439723869283
0.2183067833499661
-0.15775024669255486
-0.12438973149306433
-0.17913090320326597
-0.22716105848647997
-0.3405848707946629
0.23049944777221468
0.19787956150166391
0.13044126395297517
0.20452266997166263
-0.19175269046143598
-0.10400236391945337
-0.03166217081119284
-0.35070449592110425
-0.19165719771482215
0.20390895346015836
0.16183540821021156
-0.06606667345865122
-0.08407480296620422
0.16054446075710097
0.15918107420361807
-0.046772651055927594
0.1710125880117489
0.2435131855318487
-0.08191350220498575
-0.2574707994003094
0.2633735675246393
-0.06791304036709053
0.3212451419552327
0.13444181080623202
-0.0060472318116898795
-0.19568552510325604
-0.2578246508586721
-0.21721503848842183
0.08340767730002234
-0.1360653362355318
-0.18895998050810375
-0.4265904518297049
0.04203469096906768
-0.16905958933734988
-0.30123876683986195
0.12800042273237622
-0.1543458532105598
0.235415238590191
-0.21653838740335082
0.19158101643608702
0.0485281846521977
0.4695022740782052
-0.14640400076447296
-0.26555691690081046
0.0929637966495809
-0.13670144167820777
0.27789076638428123
-0.2782373001748945
-0.1372443546326181
-0.032079058371188775
-0.11730370005769765
0.1446320467979153
0.16669346480322375
0.009560974928280543
-0.1402882909906641
0.015422582866803529
0.21927207170506857
-0.1272792386439078
-0.26534210440693073
0.18933629359945217
-0.21035370732094744
-0.19813623016768472
-0.14420000084820173
0.007484384850850199
-0.013901935894027257
-0.293439937879406
0.08410202308428107
0.22911570039064927
0.0857584188170501
-0.04235233280722523
0.07376889345632791
0.01749345892085619
0.12470992690517284
0.15593151964990085
0.1421729738186403
-0.3625647877608996
-0.21538076726957725
0.11132386384850143
-0.10210529663142986
-0.13310650972124746
-0.24466698228575418
0.16159665132051385
-0.1984925934621945
-0.43072913742001095
0.32203511229014725
-0.369936722390556
0.26025342046952926
0.2718531957248931
-0.11829522491248488
-0.3695619041990576
0.2836397331822539
0.016050141365952172
-0.4010850659431628
-0.17354797499720462
0.18940232299434157
0.18193066787820514
-0.015245026477291172
-0.005591967876028793
-0.08055703503576926
-0.2665973151332482
-0.14940013964292195
-0.045743632899774136
0.0659568834057049
0.3068376867005373
0.2572989888937669
-0.23621561390397627
-0.25835093974486084
-0.2469792023639887
0.26749253840901327
-0.15285117443912746
0.173969760162213
0.04999334778985461
0.21041270806936566
0.3019518378616924
0.284020789062863
0.263695983692493
0.36968760696736547
-0.26223670543866784
-0.1909971859013002
-0.013677315295546052
-0.17546567553795261
-0.2535773238577401
-0.16866375621787616
-0.04935212263211147
0.12601664161936788
0.21803420094865397
-0.15901129261755595
-0.020434665333010985
0.08406111945484573
0.25498063479191424
0.07379178453355684
-0.22265695332034133
-0.061016469390148584
0.2027315644793516
-0.15356221659084068
0.19225813322050084
0.13713534328270918
-0.2374872364381349
-0.1254119865024273
-0.13672645785874601
0.08736309555222362
-0.2533010558052253
-0.2132325243299999
-0.020480551402785478
-0.3050922348247734
0.01950806536543908
-0.1938946152510334
0.33620289673223774
0.23661572436165468
-0.1461600184942542
-0.21375378779293608
-0.16897370009241727
0.07990035733696328
-0.023070251794400295
0.25359802297789763
-0.08316181372640105
0.09140736722949099
0.3137148012468439
-0.0426662340294575
0.034571060523252095
0.37001791820369073
0.4812861223271872
-0.01155617357302391
-0.06064302931311513
-0.06424715581270181
0.14191458657217929
-0.251731272860973
0.09929492082807938
-0.19912015109627237
8.127050144651708E-4
-0.07923024650846389
-0.0484074327528196
0.21607892446116378
-0.0028243444238501996
0.11646370971167525
-0.14428040113766424
0.2901429645744066
0.1235612110358027
-0.2623460355811346
0.1669328872621063
0.13420755130514916
-0.15929359839237
-0.006882334544195391
-0.140458688864934
0.005350309179698707
0.2665972429659421
0.29757534421819526
-0.103026048427846
-0.1100439181082156
0.3802716779765987
0.09893946077899178
0.20107632138419965
0.2884020243842035
-0.11661781394816102
0.2396572349469921
0.022798602789647484
-0.0359551528721969
0.11689301761396732
-0.2154343263292848
-0.3036596184244685
-0.264240382614174
0.02256898837760847
-0.15458741564983322
-0.22891210173137824
-0.1151636320278074
-0.10392591724887434
-0.004272606184559011
0.14040549471414582
0.2581573561638791
0.3064687690935472
0.2675226979460695
0.15911972579556885
0.17411739632470213
0.2393417589014765
-0.20833401388717496
-0.008099117054505722
-0.24571452613126143
-0.21521210268023425
0.015759833019786382
0.10295361863794045
-0.35072325759524703
-0.199756033529643
0.20875335043023105
0.3343829700551889
-0.18959499330889173
0.13983448456429012
0.010251486432387725
0.19373887651488542
0.24057010988102276
-0.32899545788837026
0.0035676593846292884
-0.0807559677092144
0.16441272192975107
0.23680441603826807
-0.07257839299520491
-0.13271682462912204
0.13575309368375277
-0.1866500311187365
-0.1198500971668149
-0.19903359394759454
0.023739511997355443
0.1434022754940901
0.14211524633483702
0.05838677231303473
0.04853013849504089
0.15812131308132837
0.2178390972711104
0.08668580163796231
0.22271422226011128
0.22281368390589326
-0.08871096428160886
0.02358649697592532
-0.23132595932749592
0.28548262688808296
-0.262941465472056
0.01419442085159994
-0.11703811243992791
0.06290582453257139
-0.13159402434186898
0.1075999655983561
0.2368535211193194
0.1716156712798738
0.28518717834333696
0.0433099102721033
-0.12799640211555732
0.1998099452431549
-0.1662154205098212
0.15626135341190292
-0.20592193122943517
0.19910716139885262
0.0652696958618941
0.2766931369829437
0.22847280849380167
-0.1714606696707831
-0.0810330297994024
0.2629596646400025
-0.236434998801439
-0.22387071189003774
0.18414591672844108
0.2203982726485421
-0.03410931369954205
0.11820076879017687
-0.0661504024946813
-0.34522339629475945
0.12497444036727955
-0.09767923043101702
0.25177912506810946
-0.42994392292170885
0.28411313837375535
0.02237610463637611
0.05842208359976549
-0.3129690722842098
0.01709077609545134
0.012015128207720518
-0.23592854900242402
-0.13918911969919145
-0.06293024068468107
0.033077041143226765
-0.10505286169913212
-0.2360602840419979
0.11778958744241667
0.2983818033899398
0.17061862457762705
-0.32417575843773255
0.03549495054845896
0.07518259592195956
0.04740436387631417
-0.4055138538603798
0.2761890428308502
-0.13641590827401745
0.2337897200404968
-0.23834999804077447
-0.2317872980161396
-0.15197474433309083
-0.28956430044880577
0.22083524374952762
-0.3648160217112696
-0.2118319206546649
-0.004695110495666409
0.007178994739361239
0.1937045752296043
0.02385665337459985
-0.04411153004086116
0.08430386629273087
-0.08166383980201315
0.11666739229173617
-0.07213567742414939
0.22951168497380797
0.3269892203916773
0.03453733209573056
-0.22219696519503535
-0.2807504846353356
0.22043436937694652
0.08585711262327539
0.15905230546195995
-0.08953456433871297
0.11203597320488135
-0.10374476707161598
-0.028714499017431366
-2.730194263197229E-4
-0.26511303173879425
0.2600823814485487
-0.2680326649333203
0.14691373455262685
-0.11757643865928409
0.1819513798351476
-0.0919546957665072
0.07523949728763764
0.007959091653686044
-0.23092547997499135
0.2010951964320517
0.41190342480118936
-0.14740236220598082
0.0749611072234724
-0.11411702742505468
0.3446997088888537
0.13685724780839392
-0.2524500709198517
0.16691443053305857
0.002590796341029257
0.2724323171288225
-0.1764884388334427
0.13656701382667547
-0.060777669032126586
0.10341268312140588
-0.08093523164179019
0.17325468579113235
0.13015226744227706
-0.11065432942988938
0.20915314749165204
-0.21016123268568684
-0.20400991273451627
0.22508058812174098
0.12240704034765208
0.2575633504080998
-0.06337019345026791
-0.044558330405501376
0.1796729878856469
0.012103383273091866
0.03898902821798823
-0.0615037818999509
0.2664729067321408
-0.19875352088730372
-0.1259989714021849
-0.12577173524540355
0.29501654578179287
0.1894733677370147
-0.07185456283964477
-0.24019551140484732
0.15215524206257883
-0.13023816026690255
0.2859841558327322
-0.007051906031572793
-0.0830161364793065
-0.2606517415364802
-0.09740616214310784
0.22189149396882668
-0.2505923297122571
-0.038132214162859814
0.11038214965193296
0.15582724839411793
-0.24812382189407609
0.2699613119212301
0.12352364028867358
-0.018848110951950752
0.12219249421725827
0.01569496822846775
0.38668348503091154
-0.1617585210235348
-0.07907574862598023
-0.04686907466693697
0.08460268971221216
0.25371264930070386
-0.16584894768602362
-0.09864441967523854
-0.1244939211832993
0.3813120557348473
-0.029898675809695092
0.051240636156990586
0.07797318085120425
0.10068573871320863
0.17856344481454597
-0.1980606761477456
0.10717897740295074
-0.2828739013856565
-0.04945774352435742
-0.09095696002334695
-0.01304964003170241
0.2721805067897478
-0.30741112849490104
0.22935256736149154
-0.27942029483834446
-0.12750316979674925
-0.28539199565954215
-0.2690832901790021
0.2695815793958498
0.0895986997610812
0.1188281875293139
-0.007999984290990065
0.04385029947393722
0.16451867886459925
0.09853300662706466
-0.29892983359709757
0.1691156752479359
-0.1594789878300524
-0.1983274982531497
-0.2687237474305749
0.13791770519649174
0.0338150421841016
0.13707230147921193
0.2595967954815179
-0.16745735780287277
0.301704869702007
0.27275978189916616
0.27639761365035775
-0.004670685760107694
0.021077388705192643
0.3194732950952179
0.09945466939488498
0.15581666502975627
-0.15456941781358102
-0.04434746953824455
0.0036766721818230694
-0.13684433116449668
0.21202092443838075
0.21408273591202628
0.141376391688511
0.14132343963450308
-0.2669798160821519
-0.19304094868458818
-0.05874266493664537
0.13329907311990746
0.10726673871771378
-0.09476319566431234
-0.09617534171533193
0.20898947120890618
-0.25006341423409506
-0.2992069994930876
0.23639484345318001
-0.1495235395654936
-0.07682715910725303
0.08127411333147898
-0.22325158634852965
0.24041914162587383
-0.2521487306182941
0.009069768848993973
0.2705700438037337
0.22146269853534464
-0.2071828504567946
0.14448008684941968
0.059599164989148794
0.05720914352104016
-0.17245665113986322
3.3154524231104716
0.2168899573885495
-2.876346460263485
2.431902959878531
-0.3783118053371916
