960
4
1
0.9
0.1
0.10563959401826824
-0.12854419894338306
-0.2931401292575558
-0.16208661457124604
0.051383101820942245
0.0887155539771417
-0.10467175638754174
0.16852063390500893
0.254457388564392
-0.1492040495371793
-0.09875955261465998
-0.014211866418058699
0.21889058789388915
-0.13196222289516588
-0.1838503159240003
0.1586275511850876
-0.08433688501938312
-0.2657418794557192
-0.21985011210850722
-0.3187411500985703
-0.01653841792159819
-0.31009727741517257
-0.13287086365561046
0.05493824410108189
-0.20579123051244586
0.12321130095485322
0.2603111242505494
-0.2972245197123525
0.16140369368628568
-0.29181670899351636
-0.15968300636361982
0.002967199239401199
0.0484108878533526
0.0744623564612406
-0.06606095504447045
0.23796205902468703
5.480696371703361E-4
-0.14441186105479348
0.03988840479268962
0.04139030919565888
0.059168075563105146
-0.15752596746465478
0.11024421770374489
-0.18620002672733213
0.16410606549710213
-0.13146979621729601
0.12562515391654472
0.2298929960356695
-0.006066383569275375
0.12721812887531442
-0.22259086165620118
0.10948212028545067
-0.29366195817001417
-0.3681643444592724
-0.003293822234369937
-0.2247206560250249
0.25455742441573326
0.18881392010771988
-0.00919514868381009
-0.25466595928991603
0.15835828017369186
-0.29187722917540254
0.07199420629213324
-0.26084387603471254
-0.048011872602023685
-0.28847317940738293
-0.07685541954615793
-0.008672253145114014
-0.28021717591238016
-0.1347837555533608
-0.18260594580634043
0.18569117890601036
-0.33445884527556136
-0.3318880137730591
-0.02069355602117147
0.11939155734400965
-0.11275503443657788
-0.027778689014123576
-0.19546608271332758
-0.13356133419171715
-0.13732858741241638
0.12102160630035508
0.2239778395234404
0.010469730748210308
0.2190622600128459
-0.3045029700045696
0.13481500581907235
-0.2678365339603187
-0.1334105484958234
0.05768997676754944
-0.3001838061363524
0.009362122648517155
0.06225826734547622
-0.28927245190401824
0.15920984977773778
-0.33427010733303947
-0.15549747696731275
-0.08145592326114058
-0.237112700066748
0.1772049100880881
-0.26974620150799555
-0.2739387458795143
0.2559911404230074
0.19909948690660217
0.2686374124107228
-0.21046266441995845
0.2440295624616376
0.0046236032241515354
0.05599007094792982
0.08744057521490643
0.20616768608561256
0.21207518935493394
-0.24962280034695006
-0.1311653439976818
0.1251349287391907
-0.2159592403764466
0.03719321903535532
-0.30476120619389746
0.23071649229004454
0.10561699929053407
-0.101394625815904
0.14334146412083026
0.03942215688067037
-0.05123181787586587
0.051370883040710316
-0.07175000153216943
0.21410981232807158
-0.10117627600524425
0.11241511555250742
0.1700206547703686
0.2939575217507461
-0.08850247192721708
-0.06201198797575516
-0.03466336447470141
-0.28969147641325943
0.16697031337548754
0.09238288488538317
-0.11895983302882478
0.206421243127928
-0.05686283624115339
-0.26967549837963306
-0.30248525083479355
0.24808165099308763
0.0027161400999345464
-0.327191549774066
-0.40835314922085253
-0.15186033169535956
-0.1880331984861077
0.21764150529461154
0.027163714833639597
0.1676232984145218
0.21155076433947265
0.14466866321540225
0.2367838382147761
0.0708762631988468
-0.1650241334994579
0.1275150962214538
-0.003111605721943227
-0.25734182738948247
-0.0224715245901386
0.05235847473975333
-0.4042089481305499
0.2331806081099884
0.2624295419175116
-0.031114371079339207
-0.06648967859511529
0.056019842077443587
-0.10945050118076986
0.24257981127415612
-0.2333782409155038
0.286354053137745
0.07232682418896984
0.1970822451559917
-0.058798903446777705
-0.225176599115669
-0.11005530361852285
-0.018327048005793423
-0.3297815499764181
0.2781775664163211
0.07407018369415405
-0.2820687392465986
-0.24706641396838314
-0.28651055752228327
-0.28633741231695314
-0.1657647799232283
-0.050172854851458434
-0.0836890326426331
-0.222314476454715
0.2681986010709514
-0.2521398526598964
-0.1312457135035624
0.12366579701795315
-0.16124668118380933
-0.19769754749222754
-0.06973794738744227
0.2231227418874289
-0.30847667191879646
0.022195012085878027
-0.20225783177949283
0.1948912641020006
0.09692456075788718
0.007208277962221985
-0.2134078757349366
-0.03351821106862958
0.21229935999149138
0.19425698593096924
0.047051074318783845
0.025393859673548548
0.22848131832594692
0.19513013297399898
0.24539177369862694
-0.06007169238808743
-0.17987616395347822
-0.39090171420416453
-0.03080437879073631
0.03355002799524289
0.03049185214435225
0.07633199255806268
-0.12465834127337357
0.21619019036923248
0.1484860947082462
-0.14818174193125708
0.04880413442847788
0.16446980670522865
0.06525050460622372
-0.12130578269634576
0.07928770950220274
-0.29103779711727645
-0.05692862570621062
0.06838570489519803
0.00906132608338305
0.012283363569299842
-0.2636882778187977
0.08904679753513793
-0.19754891288629176
-0.16956127521183345
0.20038407863067328
-0.34402264296576557
-0.13765121664665103
-0.3063724145041552
0.10355430687708313
-0.41147917097126807
-0.14354886280907614
0.05725771670514369
-0.13343966148391412
-0.257692601545481
-0.12291667335465838
0.2380814587016553
-0.13578075352548138
-0.2769212859762977
0.2640682299991765
0.03747608784132432
-0.3303780033661849
-0.35854353885461304
0.03475907687648546
-0.11075267774539106
0.2618320761891752
-0.16728344277904458
0.11058353212708047
0.28423633921618824
0.23029314180782284
-0.4127884157484482
-0.32159328612869714
-0.07675254877166357
0.05598546036921768
0.08962401955715664
0.02889462469958797
-0.048545849350116146
-0.3087770873917364
-0.08808709407700863
0.12353384966949431
0.2532632038532326
-0.13101003978220366
-0.141139665202857
0.14334286895444887
-0.0704836564032663
0.08353260486031819
-0.3562966831336144
-0.14073362226707817
0.013232615305445207
-0.1699008553419169
-0.16630443534526948
0.16600350543471445
-0.12651582231035907
0.21312085705841985
-0.254578668381179
0.038664059625801724
0.14972079967917895
-0.02653596951100255
0.10537798272311628
-0.2487694938897468
0.23655651523629906
-0.2996963149802377
-0.405614768900066
0.013860952391395284
0.12562736158387855
-0.20847232602427596
0.06268539871778842
0.0677015393285182
0.2696628738864101
-0.10818241524180885
-0.38403697708476936
0.26060973749763017
-0.012689003457825277
0.28701034022484884
-0.21937713459106167
-0.30356530362343637
0.06224358161967727
0.09853846469009372
-0.22495613440862336
-0.13288664914924905
0.24105329908432652
0.18349440841116188
-0.08176945186899794
0.08911579289381477
-0.13586188261628288
-0.2578491934835018
-0.3141134666868181
-0.20124915564375737
-0.3030576712490578
0.10379493130874742
-0.1962216387149344
0.22930876991270982
0.023629441811372342
0.20540322584247203
-0.04779665100148136
0.08600231503574882
-0.14098155795039458
-0.2591815811918802
-0.3020591996202543
-0.29545002993690334
0.1450205373580744
0.20059392052302086
-0.2625996567909517
-0.02367306804221315
-0.09345267311226067
0.22280005599788769
-0.41762538468674315
-0.31756611047441885
-0.13109936871911076
0.21607466834178427
-0.3489584783083
0.20725031412563794
1.8059333655575042E-4
0.1746169394938966
-7.847266982696386E-4
-0.18631629162767277
0.1508364244498123
0.11978010867451529
0.057744405609416356
-0.2706843982089821
-0.19534153887924674
-0.06631292395713638
-0.30019103830719424
-0.1360203964418395
0.2304916266049377
0.0665825515022605
0.12339046728049666
0.23598399886097424
0.16480556313732594
0.14971928479901164
-0.21645071572097319
-0.06647881350307178
0.186534118749441
-0.13554473901375685
0.13005084836641545
-0.20858247092252993
0.2109633098000135
0.10200221234482953
0.15280583932612626
0.2141031843869218
0.17530608644189874
-0.3274979814024456
0.06345887416553526
-0.06138388377329272
0.020703357331056306
-0.03442803668835088
-0.36597709150613306
0.12592288140361363
0.24843467231776495
0.02701632404219549
-0.03873235262188406
-0.29684439353122066
0.17910358647972235
0.035983769763215843
-0.10308255193659022
-0.0013168835995714457
-0.25822398847056305
-0.020367714600221874
0.011252703723090621
-0.06089712952866837
-0.16126715740923991
0.1770136263976811
0.11828365222913409
-0.24600928001483088
-0.20036274769147513
-0.1579259532576938
0.21736806683618431
-0.08008362075022445
0.0772925537049447
-0.1857646189193595
0.03992166109106149
-0.0011494548098827553
0.17167950406845453
0.08011361715995843
0.16906055940270812
-0.1321962609829103
-0.02885305016447733
0.13124450983247002
0.02440321577848823
-0.3343682710621914
-0.18347664109341316
0.026342405238848753
-0.11847734805807571
-0.14024481743293307
0.0733475051635767
0.22349454784752038
-0.1918248692170839
0.27528530008818597
-0.314058342896459
0.20867257248480292
-0.16275831746818314
0.21783318064091467
-0.2770290230484236
-0.013293438676758073
0.0029959389997899584
0.0045519542444389886
-0.08504535052593784
-0.3053151722467038
0.12051102556863624
-0.1351163859941097
0.08929595702632787
-0.09151483211893395
-0.21373591583614254
-0.08110125154364393
0.18701497707624795
0.17384820000972126
0.15027014958319163
-0.005588183925403613
-0.3205670050595545
0.07025614529724902
-0.1083687404028859
0.13811545388142882
0.22545242044908914
0.18897259598563196
-0.12249830097253585
-0.3269451717293747
0.1790473585185657
0.24014022814540922
0.02326156342889839
-0.18272072293913558
0.022058022165073663
-0.14267840282625469
-0.24156356040090926
-0.06357808083709036
0.24784716552390826
-0.08644136258926126
0.03190242537920514
-0.1316258252391201
0.24817510150768998
-0.21583809325542638
-0.08952462500526932
0.1476430445065398
-0.1659674483856876
-0.16408609920505948
-0.2108137249293089
-0.1430211896972302
0.23778705193174798
0.23129582804627877
-0.38191300590411986
-0.33148375725132284
-0.09343750736793968
-0.24762527524052466
-0.06898643039004336
-0.3082297274717934
-0.023819703908898492
-0.17631367826364183
-0.38999024581399944
-0.2793764215150695
-0.33947717412165535
-0.05082835168333344
-0.054565307572329115
-0.22698938391343662
0.030494363730865903
0.10622609389306609
0.0027758721583271266
-0.19596511105807973
-0.25106796723246727
-0.2597897943727548
0.03081706853155501
-0.23888543849463595
-0.16012641536097133
-0.23068958393212377
0.10406515108692109
-0.30089281035585613
0.042676074738290395
0.13483639980581433
-0.2243524590797761
0.09590952216539526
-0.0015107285057790966
-0.2917604939544352
-0.027172793926176195
-0.18320024563552678
0.13995828289586762
-0.2510148367874819
-0.01513244268502894
-0.24079731166116783
-0.22062651320905033
-0.11433459850034668
-0.4369519576774433
-0.13999879813407812
-0.34049786608672555
-0.27599741566574765
0.07186940380128663
-0.20719452003982383
0.2778995084776552
0.011533626105844252
-0.19000814155114445
0.2761982919082904
-0.09086660910422291
0.062299813793218514
-0.005470958368980554
0.056324552672267936
-0.32664879165760297
-0.16273317623953507
0.09021203345568107
-0.1985606192920345
-0.14728626859522603
-0.298598648196191
-0.2411689442058341
-0.2855769928514378
0.16994108157306217
0.03747342957962949
-0.3565957668268476
0.22330954561332453
0.2769825290720592
0.09637818327538258
0.0907610228637145
-0.030071634436057985
0.14921938668987325
-0.19066619817335256
0.059249433296552675
0.007932023099850413
-0.02952482234267584
0.28264668266611326
-0.10682363578107738
0.22612003912668155
0.24167100908267963
0.017155880983854403
0.060932964922826995
0.15329067937136442
-0.0566022679139102
-0.044064308174556435
-0.4009665889583027
-0.15332425868628355
-0.28394955288414525
0.12925745379826392
0.20230131135358756
-0.12174785625127377
-0.12773749876014845
0.14861286248435138
0.1393509418199628
0.17245842888733384
0.21276625419420564
0.012853300646744599
-0.2039945096230769
0.15009431135992152
-0.029802457348599303
-0.027255778806785258
-0.31915958721924836
0.2271219265297397
-0.17492633498859966
0.201848491608981
-0.2858319390506473
-0.14895181884376724
-0.31847789977784313
0.21695325128314108
-0.3942140630552354
0.15030131835863622
-0.05907070908750458
-0.03662363843693026
-0.19235478484381516
-0.17417314444513085
-0.18644382720593733
-0.0691671105820854
-0.07978866701282836
-0.23792866068216265
-0.043586676058065224
-0.24217831775690796
0.20788311191933428
-0.14590985210436153
-0.2331959886867817
0.2555133851283668
0.24657921822893883
0.21703325666413112
0.0341216583674654
0.2232743823579099
-0.2719231369285982
-0.2564367635347217
0.015962184467222335
0.08651876746234102
-0.37129233388387106
-0.24857537885196965
0.021776357024472216
0.04957258158316437
-0.120207295805413
-0.005312626222076388
-0.11327072881703627
-0.007063144736904656
-0.0471026588325212
-0.06636237721912623
-0.18477452870067776
-0.21262277996014697
-0.2773711281832985
0.23172366728943636
-0.17894059113929223
-0.0483717621564917
-0.1376086307110768
-0.18371520168799976
-0.3007293065697175
-0.23948445783980352
-0.2746259336339753
0.08601595593051288
-0.21337019158055526
0.05116388026292713
-0.06641281158417235
-0.15473299989257575
-0.012186672471582866
0.024691195970614664
0.08119158222950162
-0.2510153000118158
0.16587259985137642
0.15714814026470117
0.10430964676509372
0.1525783812531058
0.04891635908827574
-0.2619050511410384
-0.04245644260206501
0.12378757699650254
0.2499023719637379
-0.21026653628934416
-0.15357885422889586
0.22452359279108144
0.15255974463958402
-0.23177996833147885
-0.37773398878447206
0.13591427920050456
-0.2626944154230732
0.16416522466289118
-0.2164942184238872
0.02884853279837689
0.17490729261735885
-0.12332625617903839
-0.05129869623456422
0.2502261347418211
-0.0904911222636141
-0.024499188788985188
-0.2830899768775736
-0.05745441194719202
-0.30910847927967766
-0.26287303300163917
0.04126994732201927
0.05100276952652768
0.16645474514234418
-0.3046005807264695
-0.029411905814362
-0.30341812780648547
-0.0536772943986605
-0.20014862543460574
-0.23093569242734344
-0.21493835135698897
0.09416075486605438
-0.03851994734983877
-0.13101785061572285
-0.3008959322123732
-0.04813106618085331
0.21544257682566317
-0.14898894214867855
-0.2571489954967075
-0.09128713354435342
-0.1704042003398453
-0.41379467597012753
-0.19762811312737635
-0.3211090789179319
-0.11457622405871053
0.13415615429788563
0.16610842782714147
-0.2530758206175641
0.1854145956969208
-0.5425647739961479
0.17137425369021617
0.1857557747728948
-0.1974516606652041
-0.34092603826671003
0.2710613316252162
-0.2712298161157432
0.19003691234603085
-0.6385024494729148
-0.20764328509208174
0.1635646253850684
-0.1961546471789271
-0.2280133122909078
-0.004447461093831146
-0.3329156163840964
-0.12243019336425197
-0.11687964663630772
0.11794831054659093
-0.1196923362388048
0.13539442261673967
-0.3950948069981917
0.20128176161752329
0.08131527564497623
0.2747941266818069
-0.07040507216902174
0.12454659603114995
-0.32591212690697186
-0.11443791999295967
-0.408937491128211
0.28947290888820687
-0.07001221348730577
0.07794738763608944
-0.23232221360909902
0.2353013848666758
-0.0460896994852425
0.18816563900800076
-0.06379103220048006
-0.029889189390149177
-0.049962905888708366
-0.05019093214144677
-0.1926882866887636
-0.33252745660653793
0.1544488865131253
0.004651924146980456
-0.10845947962544156
-0.022911216670831798
-0.2782418854665577
-0.036488828444877414
-0.25088928357883905
-0.05205531641356629
0.1843020734422785
-0.18118028274116943
-0.1225686404242742
0.0039905001865770005
0.2449281554025106
-0.24257426201311102
-0.047752148028575414
0.14275589631874364
-0.3419063454979468
0.07813155391093446
0.025954280831622795
-0.27631250995111073
-0.16357690698596725
-0.2035786571299483
-0.26718804425304843
-0.009421336919581899
-0.05467094090209329
-0.16033364779031117
-0.3151217593449148
0.17501856006616762
-0.18189546252739258
-0.2588859617216789
-0.20346703319687212
-0.008872192139277738
0.27634366705338703
-0.0832418761163022
-0.15701099350301687
-0.27552491020575315
-0.04642065404663185
0.22457134748434834
0.17953688193771125
-0.2563389435852796
0.18078456793728992
-0.17387518519527026
0.11446318465596977
-0.137100872826688
-0.23105487562763494
-0.11024136877336164
0.1350864782948948
-0.3061109018543409
-0.21925409427888395
0.08580803037757975
0.07529768377571613
0.1777977955956722
-0.0995825487761293
0.08133552812825388
-0.3241590949716716
-0.2226093370489786
-0.10409731429733592
0.18809248532113607
-0.32705300934786447
0.09595447943208138
-0.18970347923642816
-0.17663897849305105
0.03819795870504464
-0.2661368933981065
0.025945217957895464
0.22781825295666694
-0.2769166339266445
0.16436695376682378
0.08739989033958505
0.04073429560465191
-0.03955592383101244
-0.13795016431966267
0.23117312823803415
0.02527089094779903
-0.3394474307796145
-0.022360427520628518
-0.2550052225271035
0.10303170199807812
0.10625520894632579
-0.09469167655068007
-0.2612713199468398
0.27021037558995087
-0.13601017610216504
-0.17910583355149204
0.2420969006124592
0.2580957849036488
-0.6227804090790707
0.14893496262989256
-0.18233102553107053
-0.1481019822241006
-0.24554165098194033
0.19597962078050998
-0.06294195279975023
0.2112302533185726
-0.36703962382965455
0.08112416377923068
0.22585358274044473
-0.20557363414263508
0.05135196688377672
-0.3094317906508588
-0.11466535913128933
0.1687028643729393
-0.3552584179459625
-0.19659700960405393
0.2861039285103923
0.1797091022836911
0.05006733235730074
0.21003704715274613
-0.04392025793504914
0.060762206561666934
-0.2502866457152238
-0.21215966857031376
-0.10113898350202194
0.16921910189449674
-0.2659554099961399
0.1322039264972451
0.1874970744169094
-0.2645376955642342
-0.25317613764561486
0.04361372721325995
-0.12360765278535142
-0.23364865888840208
0.1375836275958648
-0.06571563406614288
-0.04445445740834066
-0.011384395507539448
-0.385495390286543
-0.18812339561538277
-0.22100233566723404
-0.15883165554424555
0.1515644645084404
-0.18843641052641727
0.015070629200286925
-0.22454297658823208
0.024566398511726786
0.1531833005514842
-0.2651958647207689
-0.0032522454321201855
-0.3380602794793131
0.256523388233829
-0.3095191567846368
0.07966952528559919
0.1234457130421765
-0.33632221808740825
-0.14354792201723843
0.08564174193433192
-0.25255867660703263
0.07088691681144274
-0.25561450506230105
0.040338563635852094
-0.4023159592569334
-0.02228798969636721
0.2741622530904193
0.061877516328243266
-0.08676743536253496
-0.15959742087951967
0.22617248130962522
-0.2904004199555212
-0.07620265505488713
0.07511638666937996
0.003977226938664856
-0.043598177715181735
0.12040902634509369
0.027474663417033224
-0.19878725963093055
-0.058520462153788914
-0.056703745627157416
0.2385832207560223
-0.019266079988577493
0.004895757864450823
0.028432705257980487
0.08480805833211465
0.048106089170124454
0.1014257497896709
0.08847636274220046
-0.010075999048478713
-0.11682805154087524
-0.13850439880863696
-0.21613961658136208
0.0702730405877277
0.05277919980325674
-0.30447965594704873
0.22465209485706264
-0.09205550955920472
0.1638449367631498
-0.18473940667439115
0.023354884179817532
0.19366026297807168
-0.32454215045492446
-0.23406036891300053
0.15389678881073818
0.08696632128539099
-0.2082643246976682
0.057776120606705283
0.3173212341435674
-0.019348973415689835
0.2607524129411491
-0.27830806889949183
0.16419080139971112
-0.2540917945896498
0.1703391188975416
-0.02905856161949348
0.13131556250969761
-0.234814350443654
-0.021281677067670684
-0.2451504219514841
0.16378253743502902
0.019474307468473846
-0.23586203921170504
0.13899974596848408
-0.10846889659001768
-0.3255871661942568
0.09696040109619757
-0.2655302761792591
-0.19527276483837025
0.18945414566977417
-0.2703581340152054
-0.08005159644190592
-0.3775782534123553
0.25734251855771023
0.12378472485927333
-0.039744025148263064
0.053218919832377844
-0.2898266011222504
0.2662424473984396
-0.14284659515708206
0.07908933066584262
-0.29311938254063075
0.2689361295465632
0.003937157534083494
-0.08146957894371609
-0.12169859890780281
0.08371301432112975
0.08629357328059667
0.10491651210643749
0.22300512733956904
0.14267747249205395
0.17868196877848586
0.2287282090766755
0.08317840097563996
-0.060908947069986445
0.20972793219125596
-0.005675505496596699
-0.03835051807606828
0.040135592293392613
0.22701960386546158
0.04770151270162848
-0.20027413226059143
0.12409442875107088
0.13215565382890848
-0.03782855114315752
-0.10311133001147016
0.2674531218629761
0.19090782560996128
-0.2561109068610135
-0.011280706133289325
-0.26952213050952917
0.0196934379447497
0.0071588363643283305
-0.276916750916826
0.06418320812018075
-0.011376452567271605
-0.4014000727791937
-0.2729341040658488
0.11277354762706182
-0.1639026588683124
0.05438673141133267
-0.279122593786182
0.056054678929937506
0.001321075207644856
-0.05461642984108885
-0.02585809181003043
0.051901842774989985
0.1723519322131245
-0.2096592481144556
0.226213399598798
0.12421385874981994
-0.34617730663270996
0.15934311116630642
0.07048160318935216
0.08810886852380188
0.139822134181169
0.054245642679220135
0.22556347571116647
0.14746210327758813
0.1469400885951505
-0.009174196005506178
0.16909816049500326
-0.26081375939271245
-0.13288328783481707
0.1762536226668017
0.11898565899186961
0.07229539839882201
-0.07169037743193621
-0.10182614355414368
0.07422758250246787
-0.13528418299151337
0.01685369815985191
0.09166118589971223
-0.16500329593228658
0.23534766765369455
0.003034327577985843
0.09766175482524762
0.2886654141211503
-0.22033508285705133
-0.21128714633413262
0.18712242153868558
0.1215403275485646
-0.07740231824706795
0.021132120593094043
-0.3891094480285388
0.11273291903569904
0.015791156969744546
0.16583083362940435
-0.40754954681817146
-0.07336761924770056
-0.07398779035489875
-0.2621595761760647
0.12311991951041615
-0.11561718366196358
-0.2253523511523434
0.14370869590191157
-0.15908246425262682
-0.2595406784094655
-0.3040769031937485
-0.1846794778519023
-0.10530891225316594
0.08383277523513263
-0.29126588975957
-0.019785140261278474
0.11526356948687363
-0.2820378418783954
0.24957567106777745
0.033502634961287595
0.047399276724339516
-0.1578844675097765
0.19133536365284248
-0.33047002270501813
-0.269761046528867
-0.23130341638796503
0.04829753723230167
-0.33487174483253546
-0.5205136837567191
0.2538597118742128
0.2033103308251028
-0.0657341845034741
-0.015572092350954997
0.08466350652077391
-0.30484454667645466
-0.16180936356567402
-0.048778501001725205
-0.24563984425524363
-0.06084641681609706
-0.1489463499951318
0.08371453745620729
0.13701375641130653
-0.2968066913180623
0.06108038005633094
-0.0887694487457806
-0.29194725557044365
-0.15564679038776105
0.05808185194707617
-0.20127453136592902
-0.03573674484786418
0.01641016221329511
0.16428226755699818
-0.10124627297646495
-0.19936210998138917
-0.17579657928276773
-0.16928660212204968
0.1856651921015186
-0.2785835600854999
-0.1216199279504433
-0.03813844069647537
-0.408984896522602
-0.31068212724309907
0.20572411489718492
0.2056494070997329
-0.4310762377693483
0.1652394496488475
-0.14886744189752027
-0.11006939776438203
-0.02902218965998477
0.06826542353724833
-0.24819195234379543
0.05090148327576779
-0.3705062361670722
0.024018792622503806
0.14839294239481612
-0.08183241766193397
-0.06536745175637097
-0.14993094317031966
-0.2982944367750725
-0.16352798902751134
0.09334546936002579
-0.21710730361817815
0.15235415509423456
-0.07663136141804586
0.03540745550724219
0.28457993662974607
0.246984826073938
-0.14891822655212872
0.07995315094453019
0.07926516175003949
0.11208846088420185
0.1290066304502588
0.1853590358482344
0.08068915927288643
-0.27067977140924415
-0.0494848447782811
-0.0215202045965455
-0.15022960485000683
-0.2573951721651037
0.0034477148149849026
-0.030959725807768533
0.2547007368405191
-0.3265382880187861
0.12442107320627925
-0.25277256364124506
-0.047054901937703085
0.27443768698427445
0.05857175497343415
-0.07184782681108959
-0.2501565993216297
0.16158161182142844
0.06163876987180877
-0.0739183682371612
-0.33143908121274
0.19188087033917095
0.2663861194754763
0.00890583556881625
0.253591204835942
-0.20769825968211647
-0.2630527221737398
-0.3567309382422711
0.19968260634694968
0.27725745255495005
-0.004517526292176979
-0.3464389430922146
-0.11821231303859053
-0.25812814983046145
0.21907149370185705
-0.1829569307061404
-0.1378564531695739
-0.2454755303122667
0.23979572003464025
-0.20896835735102953
-0.10141341243988346
-0.28020831090379705
0.06123497432431329
-0.16214397810183714
-0.2828428166045704
0.019136145682907436
0.18906782803351796
-0.14470288344141
0.13999148013084442
0.2464090382036911
0.011174909483173621
0.10498154056708922
0.2506495174825177
-0.050080582772918915
0.0216353106283128
-0.3407532510397554
0.15492101760235003
0.12332353330539415
-0.22894570237221187
-0.02923603112900829
0.00889380115959173
-0.29464291022133676
-0.36759719501179616
0.05411857337288098
0.185570597276411
-0.07038022477388486
-0.09939599224391038
0.10601219598809167
-0.20445297719000052
-0.2442244682931739
0.03646883980444097
-0.1824876324631113
-0.09382814709443198
0.15042039702945487
-0.22847617818122917
-0.10189175200691189
-0.2890085948208935
-0.2305595041937815
-0.39506312758436984
-0.28487380725986583
-0.13959783099326564
-0.13782371801804366
-0.15919934978969527
-0.010167514047516172
-0.25022642535668316
0.1181571417339825
0.10287786930845327
-0.02801545071393928
-0.35338056168984666
-0.29074477332531773
-0.27519956812394564
0.31753683643459807
-0.005730196608362119
-0.2703043208463181
-0.19293675800614268
0.16435065230233897
-0.08512320882987469
0.06385390340753419
-0.1916054822273822
-0.3770426404719259
-0.17259818570225294
0.1849595001532749
-0.3431677902951661
-0.2456370941286786
-0.01939814257978052
-0.2515948460521873
-0.24375782268514282
0.04006997972924407
-0.15682631119674673
0.255465890744344
0.15492525795503162
-0.08220463959863694
-0.09295477246780841
-0.06954992940869778
0.21494743770771366
-0.03238219213968601
0.054685556087482705
0.12132108110735293
-0.33028696908934035
0.15931202533108352
-0.049219602735351024
0.0605287866302429
-0.34036393493664047
0.16194681083979637
-0.31148906499312845
-0.09232738655612391
-0.10958617953377835
-0.1040497327353632
0.005796372251882892
0.1485902908494664
-0.20375451855189125
0.1961066066204254
-0.03433685821850045
-0.04011004638553041
0.2595847454184974
-0.42022303434385305
-0.09298623413975589
-0.2976965684102195
-0.22429803616395308
0.04747225492387026
-0.27250473532915265
-0.2026714652818645
-0.2256143383431618
-0.2272793321327409
0.03987181602994915
0.009491635998111486
0.23622803689611974
-0.28301935483394913
-0.19724735675851632
0.01730141966151924
-0.11077791586024499
-0.04812124188457942
-0.15306149104000732
0.014464464200732254
0.13146825055574274
-0.10673647326129349
-0.1288505186132333
-0.06034637629533879
0.06419739161274005
-0.13983424801916994
0.29945514559909214
-0.2564445358493164
0.18133318589024458
-0.02111864259765825
0.29304295916328554
-0.06932993879098236
0.19185216583744383
-0.20065745102374433
0.01829486571239286
-0.14132564495365796
0.04806504771151789
-0.11480372778731734
-0.039892449249486706
-0.2532113919440248
-0.20338464837488526
-0.08359038814591857
0.218118047364509
0.246325604851715
0.07116559229521793
-0.18242963191889477
-0.2965877980038843
0.13742456572001382
-0.19649614091409892
0.09417654652578061
-0.32829202908745325
-0.14695997058956078
0.1432097636103814
0.015327267432283347
0.13720433826465486
0.02174059539506931
0.22728610825192522
-0.11936900491922078
-0.33121173362417144
-0.24823784933809895
-0.06424699225818173
0.10459369541110912
0.030956410499264956
-0.023426450163274787
-0.0484981394422874
0.18289616498665828
-0.22368584120015578
-0.0642844296498365
-0.21962831525597412
0.17169726475817132
-0.3823745648695014
-0.28724549946381966
-0.3331177158102401
-0.2200130224085034
0.22038072112635507
0.1741149932919505
0.025069289886892054
-0.10840932471314757
-0.13684886250361578
-0.3575773116226347
-0.051938494134299185
0.09458488249473077
-0.34753817227513323
-0.19045277889120213
0.19099088137360834
-0.032602094773439366
0.11501582141904629
-0.10172687710726354
-0.06447272616432544
-0.23865219860311662
0.07743422156788989
0.09305045608979993
-0.3323626282899328
-0.16866887426347718
-0.08669630983751164
0.2154241599048193
0.04044077370667028
0.13349720248770086
-0.27248235342087074
-0.19991334867515273
-0.09909163197822803
-0.14534308679989408
-0.3377149354150526
0.0949709284461808
0.03936672619281722
-0.29079416430043326
0.017158794204218494
0.22558048905994788
0.27338554998163617
-0.2941559220630239
0.2667693042776202
0.1697497311739195
-0.2490709003254624
-0.23853821111617318
-0.26730621042760244
-0.009140652137226282
-0.10565287741254635
-0.23608496712010066
-0.0972477366395793
0.13432615339453038
-0.009681208729656807
0.26075915139099864
0.029954112774457364
-0.25859112933811057
-0.22070257161895473
-0.1542498430193675
0.1319125082066377
-0.002530925999029053
0.1345447541821156
-0.21234088929684167
0.190735038454073
0.044588680111484466
0.2415702929814144
-0.3405327019302327
-0.10806847007934986
-0.20122102941476358
-0.050802192664121885
-0.14192686813319402
0.10029422313240331
-0.13478418760446587
-0.12555391483570413
-0.1251591447335627
0.11320898900674786
0.056003077266701874
-0.05067982611379545
0.21136610735057376
-0.0396813868504668
-0.31785107780013616
0.023682171260559614
-0.24232543498962997
0.2776514584013874
0.20468655103131875
0.27591308014520466
-0.38152818089970963
0.2627979895009891
-0.07773367768565477
0.18594575311637843
-0.04839456271240884
-0.02247597950465891
0.2532954573175704
0.030165924388879255
0.02427309298286285
-0.12719568975705445
0.2677183445521621
-0.33056519635520026
0.02078377256067974
0.2772841972356325
-0.06211600468566418
-0.20689032065893515
-0.0109347164121696
-0.22527080026243232
0.26112676900987664
0.1924622400446462
-0.10828401306796713
0.003939245563107281
-0.28327271869774906
-0.16241154077298112
-0.08699370778740066
0.0933164126362939
0.23959238928804097
-0.07121306663684786
-0.1372147341625947
-0.2592363952387116
0.17751415696886888
-0.04648065583959455
0.39985107064035635
0.16762869070445738
0.20131698970463846
-0.3099410708826742
0.36986886454834716
0.08129247126317171
-0.08865931068128767
0.08604881278448144
0.4840992445877131
0.16506220655370604
-0.37099993876027876
0.20041731520908845
0.11797948760571364
-0.273135109310181
-0.38243330275794596
-0.12630278967099537
0.49112166785463135
-0.0037565485221339894
-0.07370408531871091
0.16005153614677672
0.2863889828950628
-0.06523889086879076
0.23365127589043647
0.22378187155441714
0.45511843508234695
-0.14270857936296102
-0.18107722128699552
-0.13359218144265245
-0.055907697524650836
0.056964629566040266
-0.3098601139557802
-0.17838547883296768
0.011980682110372495
-0.20254960333072852
-0.13842750027827477
0.14805964083303233
-0.21598137415552707
0.22943575615043754
0.13770349263100254
-0.33097172955151044
0.010907031201426548
0.003691510242145041
0.15038872347780194
-0.33408207726574657
-0.1219261739618553
0.04449925083889597
-0.28513788773794563
0.19715501385473272
0.2395191207411969
-0.22384287116026547
-0.09353644800425563
-0.3294493473632455
-0.03989839448577521
0.28413157170193953
-0.04861012997279102
0.10433042912964655
0.09787125599119596
-0.09141648310368551
0.15581724444746634
-0.021653581445493363
0.19996229647020736
-0.15952273866486222
-0.05572706719678899
-0.3291605876880154
-0.3796935182911656
-0.12897946808928354
0.025118542575481653
-0.19567836224509155
0.033571598000990646
0.10826798931457776
-0.16559842868212907
0.24581093441525892
0.05852748490599016
-0.1423787997639714
-0.020864729400220737
0.24415256181753528
-0.1914552048945021
-0.14545373420002305
0.035422972815301976
-0.2902216841205491
-0.06269411586708455
-0.04183690846321867
0.21627323733471865
0.07486264382450972
-0.3587929608671547
0.11093014505311917
0.21951923446916224
-0.13641938305392673
0.008349656118236215
-0.10841719157036535
-0.30124112560842453
-0.3259971674481913
-0.0836406265447686
-0.26333462572568717
-0.19730692069844058
-0.3070313398735674
0.13698965622488724
0.2879060094510168
-0.320402527046143
-0.2892322706419702
-0.2345611270785406
-0.06697701513722287
0.20978196486438752
-0.1246525844117618
0.07758284473299445
0.11901416473657371
0.2600223376155825
-0.24923015944448612
-0.25442544368592096
0.24562822020617806
-0.21908954811179657
-0.21717374507694828
-0.3080677259301468
-0.036548628198307224
-0.20582937410130342
-0.1972687615791468
0.042721745777982746
-0.27560705565263605
-0.13672561469541883
-0.29645222123341347
0.007481337187359117
-0.19938213329255475
0.18609253135820428
0.27349179184142486
0.6677399781158867
0.16460876508532296
0.10500779863433879
0.24142635697311632
0.5887423087858394
-0.1614126813048446
0.1739800206389053
0.11312496132509872
0.599875476478751
-0.29797243612679375
0.12358236470226175
0.08056979791627909
0.7034390352134333
-0.15580589426604127
0.1497710688815719
0.2411613711615381
0.7308862180233657
-0.19219048681279124
-0.266324218123569
-0.31064979112073104
0.8142645688513648
0.20087304642612525
-0.13804544582512188
-0.08655492677435221
0.6722082037323125
0.15210433024121303
0.260258295371584
0.025949754444347776
0.4812627156163378
0.2372508294905915
0.10874147125485986
0.15874882591471723
0.45306585272307637
-0.2089756618311968
-0.05787063999766414
0.16874729566999844
-0.14063011816366755
0.006851211518405575
0.03760759008495729
-0.0014745664059216158
-0.3814933909888611
0.004670935902065233
0.14784403475289673
-0.3242500992903964
-0.25843066931470116
-0.3225751662375019
-0.04464839725136998
-0.1953279491828572
-0.37905492224294185
-0.25755892072729647
0.14388140070996536
9.8614000778389E-5
-0.1160711149323573
0.14765727335662998
0.08266979945707348
-0.32605292466509106
-0.06718171110450483
0.0898415073709586
-0.1819865057805405
0.07888203842047191
0.06874832215947715
0.2577528682819097
0.2783628401501284
-0.27750578729884967
-0.15638747879856205
0.049087220057251246
0.17734036879092582
0.17218702171123582
-0.025942140764081877
0.08890043240047049
-0.030957229989300256
0.20944328492654354
-0.1031552394121942
-0.13469963707889643
0.23345550217487898
0.08391649263701256
-0.31953693878303546
-0.21305203101774517
-0.251605964395825
0.249192691164884
-0.29686197255859037
-0.07911836965422057
0.14927301787970568
0.2792684717715488
-0.2054378644137998
-0.0927929576475028
-0.28302995984133017
-0.07977959828635468
-0.09116196469073709
0.2217927117739682
0.019235173584792972
-0.10387129544451189
0.19196004769856884
-0.11188015706862196
0.11512611102062613
-0.11852790989216054
-0.3798784222281443
0.03701340778802631
-0.06443224501673887
0.15836221142132875
0.26058841353560397
-0.04067820483926571
-0.17663425323724175
0.0979193835851537
0.1163127981555012
0.2797436402470678
0.22566566025032778
0.14650174486795955
-0.18813954946307765
-0.11276891771909367
0.24950751056350012
-0.11994062706915169
-0.29562589104846865
-0.15559936622188192
-0.2189760611320775
-0.29330230886632425
0.09694547057211239
-0.17177770272188583
-0.17824026952309846
0.2784094700047513
-0.010950664958271253
-0.21148794958542952
0.261299503985644
-0.05606463312469471
0.07451664909169704
0.13342772353139531
-0.23298243429092858
-0.19815937443317955
0.7296442388802579
0.032009025857780614
-0.2028410070287107
-0.24230814088530983
1.032696795779708
-0.14009455083429154
0.10826492063563396
-0.22010656565029726
0.9456464015273841
-0.18215039835546126
-0.2099826224030999
0.027451773624252725
0.7153451761756975
0.007962970154109681
-0.10296320829257548
-0.16485949551128365
0.19705097732846052
0.1600575209050622
-0.18030252821341844
-0.3190860377909891
0.8895029921378057
-0.09884613449717174
-0.1738312330134959
-0.19044624771478108
1.0127380008716425
0.04155299507936558
-0.10813812420958684
0.2781170273727536
0.9116448202576453
0.16105943978848197
-0.09249679753439531
0.16413037138068867
0.4803901494407205
-0.07159922704169239
-0.14472335979151738
-0.31573967233327205
0.042834756596652604
-0.2581403791387553
-0.18658106718016468
0.13004714139922022
-0.17028584863640903
-0.22850324309915324
-0.2047624340803052
-0.09678343768733456
0.0044324255776279475
0.2014269342681216
-0.20579026962816294
0.12739697018550974
-0.35181585217518047
0.12601955964152156
0.23440195005882844
0.11006736088748882
-0.31678722191383407
-0.3209116897283313
-0.13642372981482404
0.02066224487093341
0.11169293040126782
-0.2019184932385026
0.19692221229638143
-0.27666720197807854
-0.19119446236498297
0.0834577665724825
-0.2910358297602292
-0.038600455040618396
0.05635929091004383
-0.02458296362043385
0.2048916913964138
-0.3320375033001402
0.15921921613034887
0.15008761030790516
-0.22308447672346632
-0.14858540920063798
-0.06549762452042598
0.19893282666758963
0.20568402827294052
-0.10728292126285861
-0.19522673207320404
-0.18956296287857077
-0.08571932691024264
-0.09133221779511813
0.1843911210261413
-0.0072844703652451236
0.27319913247708605
-0.11275317417435382
0.08545983417882314
-0.1251291844302674
0.22494417236830672
0.280241606548966
0.1476851255673324
-0.11882653293903395
-0.16320224377667494
-0.09960543654461276
0.025797220814771035
-0.14544932288013238
0.12296996836053932
0.1109331667458764
-0.03289331877373906
0.13771195173756345
-0.1229376779967438
-0.041906192357610554
-0.3870106062762389
-0.1671941022612966
0.008187510989928553
0.0972874955087236
-0.18627320379480702
0.22367156478784136
-0.23502665061174766
0.2739989872941883
0.025857366995401473
-0.04657917681972108
-0.12423943320401874
0.2512982093388131
0.027320647229434114
0.09455126337193245
-0.1752577936675255
-0.1689731510021837
-0.2325453366953402
0.09071411117832263
0.26474677925290985
-0.13427198501482773
0.26993947981282396
0.28738706401298714
-0.290077441142317
0.2587731578970599
0.05302376162436064
-0.23565584176356685
0.28279192763082794
-0.22469552258252773
0.9802256119046429
-0.26596688228638465
0.02143690779768286
0.061428034415111236
0.5493628431102331
0.00849093701671383
0.07253111448322566
-0.13779308428581924
0.9114787265614925
-0.028500911058941224
-0.2229303201527833
-0.19614306461220635
0.5394211485038505
-0.11778283419777191
-0.18042777436274263
-0.2482466993750235
0.22124938282903975
-0.1912818030511659
-0.10454429703510731
0.24835765424876044
0.6055324099991385
0.00574037541632085
0.019774030333116432
-0.11965155447986796
0.3641177626683264
-0.2792460921969796
-0.17119152057512144
-0.12207221227316666
0.5081098630062939
0.21052268352255127
-0.22296122911009503
-0.18869596343223202
0.5401272677794434
-0.20160296907348485
0.1478785018879933
0.18212810784537503
0.3878851769114904
-0.02943666404129003
0.10370391680324033
-0.18115264735243786
0.07629141412570462
0.09892287045689864
-0.12709079836565282
0.16735051839172518
-0.00729858620924806
-0.06461248617923288
-0.2167829341436621
0.1141117099851832
-0.007130763888043996
0.11486772682744302
-0.18974486156437065
-0.07672707293190024
0.06591626921190129
0.16580793751933304
0.12921002973958873
0.14433422239293833
0.0992399677935953
0.2652956371998678
-0.32451704063995446
-0.23443162530225772
-0.2710966414234755
0.08991012349074715
-0.06583639193962955
0.021436644508629223
0.26880754518258604
-0.14217712174237399
-0.18301453424968478
0.21525055545825628
0.21286895700708908
-0.29964365806497845
0.2512081057691759
-0.0732182773665822
-0.22192392107832984
0.216790507384579
0.17738475379077664
0.06562916293359859
-0.03366253739041901
-0.013967991674197534
0.10820766911462079
-0.0015486386661438696
-0.2988710968256462
0.21898061540375127
-0.20969957874550418
0.10781467124458342
-0.011467726991208438
0.06640929707835855
-0.12724299514180185
0.009939894382722424
-0.45167872937016285
0.11909896777030855
-0.320279205594419
-0.08318425007092518
0.09665670120638846
0.004966175413947105
-0.04004409453281494
-0.2867263050818448
-0.002330584598072295
-0.061189623372089524
0.08460539014765397
0.16714941688092083
-0.267606524143091
0.17560638567610332
0.02488935098200024
-0.31572344878287745
0.15323569169084886
-0.029003596637694674
-0.13755462940883006
-0.013951334816834556
-0.19121549625689327
0.2140651768152818
-0.1075034106868435
-0.2133802827839777
-0.08095058335137663
-0.12792924171335682
-0.17299811769866683
0.11377546281070167
-0.1819335643003472
-0.007295660961871954
-0.02417065238330162
-0.01361467896490087
0.11136550033473457
-0.15345986857956448
-0.10230735436595315
0.050495546415710565
-0.1280647421644793
-0.293851284063901
-0.23183485085646513
-0.3396896472596809
0.34960416612528633
0.17019449701401543
-0.23759130798865635
0.0698152513873705
0.719459206489788
-0.03817669582764976
-0.14384465158523185
-0.1791031523203262
0.6743961313124739
0.250386984910168
0.2216597972351341
-0.1618385692334519
0.5174158156556966
-0.09978481259539437
-0.3201412439231795
-0.33062610753362515
0.30802253426405946
0.1999837409659748
0.15281156446324118
-0.14132506100353703
0.3725830529915642
0.17045805409914314
-0.1968988290867335
-0.16893187823381692
0.24914624288832243
-0.03281222616922856
0.11235133205643047
0.18593828581372593
0.7209576201033914
-0.254000217995731
-0.2281521858839495
-0.04602466031419978
0.4634449781203643
0.03647471101906571
-0.049428228469290326
0.25909380545296734
0.33524853742592603
-0.21686453874853637
-0.2709322343675636
-0.10238303526432131
0.3150722633666109
-0.28587286287692787
-0.08628277904362829
0.27154718794352006
-0.2290224627805838
-0.16124606770689118
0.21352915702168843
0.1927765778451213
0.1431910893737154
-0.02030684204525319
-0.3258625581389462
0.12268499471570028
0.07486973354410598
-0.2769752145808233
-0.23149976846885909
-0.15973628792533515
0.14620012294956236
-0.04911664595377301
0.07397671843362648
-0.27249389617036657
0.10651268647038087
-0.13785438342123332
0.1602796251637413
0.2630902473649315
0.22572364774088122
0.10277643201493598
-0.12516520645140164
0.1716854277926432
-0.25993504735053985
-0.1686128200400765
0.2676415453225645
0.16181954621474898
-0.13434768863404956
-0.13904221469570066
0.0907446085523378
-0.14003692691404274
-0.3526850435194887
-0.03920912880945444
0.2844211439523535
-0.1414614769489652
-0.28710764201601996
-0.2738636840454553
-0.15002463602153054
0.13635498943430857
-0.2608801360313334
0.29809738945312153
-0.01877870819673537
-0.29305373954324054
-0.0022841435182724143
0.2918335196731521
-0.28038677023580644
0.20407476716310036
0.009302349182458522
0.2020218722205325
0.23875292476032
-0.1268803796020136
-0.23313315103858298
-0.3267724224215939
-0.2815063341481671
0.22123121030787968
0.10288148209312085
-0.2919232318758318
-0.2134278449509671
0.06802016457247122
-0.23927173049828865
0.098066670557604
-0.02846212412822341
-0.047379418417071294
0.22556117915081358
-0.30247968324795754
0.2960516179385404
-0.045401598244257324
-0.16416604162923276
-0.2526197867309091
-0.2445986741819622
0.2389946126982206
0.06601886094149402
-0.14332638173125847
-0.05468094382829514
0.23220382464002562
-0.19736515968326587
0.08280625614814506
-0.21645425522271824
-0.2517791825058363
0.18733810941808782
0.17285139122832216
0.02812617381642903
0.24801663644676822
0.16936010880561075
0.1653985950340456
0.02228112142678416
-0.2935581818357136
0.6441690496396141
-0.08486423112218852
0.1735055536752425
-0.15380931963018946
0.5677991346027765
0.024411356864345566
-0.1838308058670185
-0.328177720004651
0.5909560164032579
-0.24881736772977722
-0.1878117613096624
0.025285740481035435
0.48642569487205967
0.21267093286780092
-0.3034393508110714
-0.06029846183765529
0.19813939101444517
-0.03167049045750001
0.15087151171916444
0.126857192620531
0.6423184327975238
0.24327613751037305
0.04589635114413204
-0.10823990529775619
0.6478886275062015
-0.028648810654889157
-0.002666811294525504
-0.26125999440541714
0.49259677383853745
-0.004123018398956088
-0.11346323029125965
-0.2962757798151745
0.1913193732956908
0.1878098949540235
-0.14450499720906945
0.2041044173395839
0.0694693352088488
-0.07760919848407417
0.07771378267038417
-0.014622480229959161
-0.2365648189990738
-0.3340936368955092
0.27916244716796845
-0.16337505864983592
-0.3073821223652219
0.07454552869759724
-0.28258329319442693
0.14908231820460732
0.1336604344109748
-0.26518334091875234
0.1008717293629448
-0.10328931934504165
-0.26953651004259327
-0.026108643896424834
0.14286871290878872
-0.183279631479939
0.2075439347391762
-0.24167738223494464
-0.15707315846734343
0.15806526499387874
-0.06404283341764386
0.008472785998325974
-0.24710910890307305
-0.10806297230647106
-0.16978363000204802
-0.068482770338586
-0.05764133060426799
0.08732800157327456
-0.12701436860355667
-0.08931926422087019
0.03845816326340243
-0.06982669389437468
0.07272819481183783
0.23576907519408746
0.09209772339670763
-0.06676402996162423
0.046099831828174065
-0.22030104579857135
0.2081974909493402
-0.024229417973968118
0.21656172156125347
0.006561169257767831
0.026848163021186304
-0.14112338475121883
-0.1111818504594653
0.052665968575549775
-0.24665007462929953
-0.01928289264631977
0.11568481436216939
-0.0026543671718113945
0.10500011724461683
-0.21155827123367554
-0.11892843176425075
-0.12000464396571761
-0.2065080895868736
-0.21422658301125902
-0.16044241160796976
-0.0038001350188610248
-0.029947102079325466
-0.16019741393076475
0.09486894233940092
0.24467117883975964
-0.17842261766460454
-0.18414484651239818
-0.2807671680360114
0.2935092130863958
0.2507239155507348
0.2821231715594093
0.1104807421159669
0.015436618203378431
0.20308031330203596
0.1853875332384913
-0.09543279250336362
-0.2463069643079445
0.06486673760019249
0.21245534250488446
-0.241417128556583
-0.12581675876267334
-0.048462647654533356
0.13757471717451009
0.44833598277253633
-0.06039633613007589
0.24019604614250156
-0.1258846465196448
0.2887931381933324
-0.31689040442009886
0.0036086887375119015
-0.10550988726744902
0.2956830121833913
-0.1282180404194712
0.06061749144860339
-0.3989057262306181
0.3399661940624177
-0.2250334156342757
0.214212673190148
-0.03382182513897663
-0.07072906615547811
-0.3379736845216049
-0.0366878236312702
0.16392826380016282
0.466351375063476
-0.12865756776096213
-0.28059138496434716
-0.12694107133933674
0.24267995270099005
0.13456706737884927
-0.1637439282779578
0.1892125662747965
0.20712965601750521
-0.06430217028376026
0.0816325909059568
0.17985893261648453
0.44597752407274277
0.21966473557102645
0.06642079112745848
-0.1431132592304185
-0.027235450183503148
-0.29805026225445724
0.24589714811326607
0.15575850122834073
-0.06028277669827019
-0.2771439189452822
0.20699557050722028
0.2126599580937544
-0.06063003645724903
0.174863646592759
-0.12299163353475767
-0.3081466286250481
0.03729697730739983
-0.13156936507259143
-0.025867457780163725
0.10208684850057058
-0.12470384783389563
0.20849792320261773
0.17259577690325836
0.08453157436802519
0.1678792236762876
-0.21281661505243354
-0.2129015680547457
0.17773235958506023
0.1480831158198477
-0.3295328721269408
-0.06264855248313338
-0.3264317710364657
-0.12270820408697486
0.2912777391005091
-0.044594618652474036
0.22571114955309343
-0.024404360542852773
-0.3101764534063308
-0.10041721419139288
-0.17266612395619288
-0.29487080828471
0.20347558599458063
-0.00548695636202055
0.28983194785257316
0.17000060698536404
0.08569515858423697
0.2625168121946757
-0.19611013926453597
-0.0662424996935279
0.2867272847670328
0.14545369305718203
-0.1357304043542654
-0.29397770253301914
-0.006634541034739607
-0.13972188680881337
-0.17910085303029183
-0.035439448224315065
0.17888675614466384
0.18594969002671166
0.20670316675969333
0.15254822359777653
-0.012707945756744544
-0.19254445211897425
-0.04769531329642075
-0.3712234869168387
-0.11269864275117779
-0.25195849560886174
-0.1343307578167939
0.1674303750816573
0.18441435921085428
0.018633446219705377
0.08840982181117296
0.26143144540301283
-0.1783951940923347
0.13132405235453024
0.15142295710463455
-0.07554600921659352
-0.17497506430982881
0.13433866759479743
0.21767248521528043
-0.390261937482112
-0.09951283423711882
0.09747513741311181
-0.2984538678193049
0.21725790082049626
0.13852444824499524
-0.07442430118272846
0.28587244554176966
-0.23023500588651233
0.1944420655142332
-0.1782404785987853
0.20964689715198845
-0.09383942172117817
-0.1892434819064187
0.11227551108769916
-0.15642172027186968
-0.09692267933035835
0.1268507485944399
0.14467153872169528
0.10741518389336702
0.30518580805420076
-0.2529976913908192
0.2744102375102939
0.1342576998800962
-0.22376451617212414
-0.261922722816086
0.17029166435144613
0.13795445075152887
0.18669886234487296
-0.1430482212722735
-0.22882753745617287
-0.0805965272339132
-0.09864335667743156
-0.2609747562160797
-0.12252190351509293
0.18899474054243748
-0.1418427429505655
-0.2219543782589598
-0.2978411519458229
0.15837320021308343
-0.17677570532897235
0.1223162357715793
-0.07829766529029998
-0.39649153048986974
-0.13647987309730963
-0.3174824103822994
-0.033267238132493465
0.18566552927796984
-0.29814951179997495
-0.2314290443198201
-0.3533838838020356
-0.06554167439707004
-0.23861605643573228
-0.22061340301029334
-0.3331567876786371
0.030685962816875096
-0.040575901376264434
0.0831588830758514
-0.30848271655050147
-0.33543173674727644
0.020560218489648285
-0.03839208834463148
0.0753056506974435
-0.25467781266291417
-0.2694552439830234
-0.2987422729857133
0.08855766487882652
-0.17917372383661626
-0.35776174360253704
0.27852215004296904
-0.278026808631888
0.03234780085854271
0.12641997244307437
0.21028674512106774
-0.07425005546458177
0.2699000697069899
0.05849210490718744
-0.2274809890667868
0.23466618257204894
0.237524476450471
-0.13980664766629258
0.20722511197924692
-0.1901169438252833
0.08184497447889631
0.12163582055762584
0.031029007710703337
-0.09033661357931022
-0.12606278516884467
-0.024483007096255845
-0.2439067151927853
-0.15861002632422608
-0.12184565023602997
-0.18880309215281185
0.2928951332067758
-0.1262103342654766
-0.23629459055191565
-0.025697608332763296
-0.22213489078093526
0.10110334350415655
-0.23277511494888023
-0.16444034466670093
0.21472056076341406
0.19875974746203295
0.04173885820806586
0.16038632705665337
0.1654458929744413
0.03909321572007805
-0.2478777496061673
-0.3416915794938094
-0.29798660361202417
0.15747243574558425
-0.242816985586785
-0.24541107399179993
0.012878760409152043
-0.2474751490206952
-0.23845052142815698
-0.023937098543591436
-0.11928494782584888
0.03159113457391044
0.049841691002033534
-0.26369787092532887
0.18409590555862695
-0.05581443268620423
0.16370791743130048
0.10416506396514626
-0.14613047884463942
0.008283609450220384
0.1537906851770956
-0.16345290878616314
-0.05985242835780838
0.003046693790659221
0.28882263951691534
-0.1883521354991812
-0.01932302464891578
0.23709298232061557
-0.05883934139937086
0.01775923917994449
0.22062111928130596
0.18196336327173815
-0.10250915589705076
0.1332981959225804
0.27854685545933294
-0.28339845415341247
-0.23049156376799776
-0.05218821453280006
-0.19995455031485426
0.06001505326466346
0.05742140755718748
0.02137395474300739
-0.011036894716365552
0.251241532776384
-0.33164488059698805
-0.034647135188559365
-0.0900122312509797
0.1492415370040919
0.06851028654069372
-0.2658792377731919
-0.10474353514151631
-0.1995296000738625
-0.20075967083092489
-0.7773793554740742
0.01449918329983009
-0.072519793785642
-0.2299238414123464
-0.3456657252939049
-0.1550999085917587
-0.03026117965076366
-0.05713467501774193
-0.2874255391630109
-0.0139715816179479
-0.02665010403037809
0.0744623007114209
-0.25281549272236303
0.10349555167792444
0.010602048862431861
0.19141787967293128
-0.4774416561607332
-0.2270838970977016
-0.25420849961690456
-0.16789887282471833
-0.034516144933892795
0.2386862346979451
0.2240331919952874
0.1787363763947046
0.14414974975188113
-0.17464178005538983
0.17030867707578043
-0.15863741648135535
0.2821649181213824
0.08479511307459298
0.16767006735774548
-0.1493612542814381
-0.3182587657947212
-0.24564443045057732
-0.3027134737896543
0.035815016503033086
-0.23327297605204636
0.25856298197540073
-0.07914821063404626
0.1056423324339423
-0.11400425373631719
0.1667330951595181
0.23482770693254912
0.10822796469589398
-0.1604946690685417
-0.1364778840417629
-0.024995089314297718
-0.01382031783027609
0.051393001644436276
-0.33349387570992084
0.2357206509961278
-0.25555506205740935
0.013908744429678481
0.19692189537229918
-0.19163559782048345
0.04501764082687773
0.1174429526917515
-0.2043747741959495
0.15080438791033593
-0.31588653647028453
-0.3312811617221031
0.03999996067972125
0.06451699575438596
0.2392263043742256
-0.3151722186047145
-0.11073854469615838
-0.03317939865896414
0.23951912203998338
0.004950555887753864
-0.08220830035797805
-0.026973559508958057
-0.10383681661907647
-0.44665459507073807
0.19652879234640205
-0.15217046526197314
-0.1321573973577847
-0.09318488068141019
-0.3073459861673473
0.008270733306779177
-0.13175276668010974
0.09170125099546585
0.19308759471051762
-0.1615283004096488
-0.3239583646278582
0.20600348865446913
-0.16305543142730222
0.05130433628557254
0.09448892633893569
-0.17929728591545913
-0.11269986761494567
-0.16864705999158988
0.24809102734510532
0.06107351965135467
-0.19841611135743006
0.09962212436742521
0.1704665750321213
0.05473066477443358
-0.32294343986248253
-0.02351688456370136
-0.3272675292771778
-0.005643355979800361
-0.21215939812777565
-0.06920315763017634
0.1332495636216466
0.24121298884031317
-0.0863845701827862
-0.22493734337637358
0.26270610442508774
-0.21060413889446053
0.2272536655707733
-0.11649737399453085
-0.07781353544968213
0.04779697277957165
-0.25220107767485755
0.23123384047800874
0.17016324229636381
-0.414148691005964
-0.10190623032342154
0.09688488287822634
0.026590393056045693
-0.1903772485443184
0.0019845834958540387
-0.08677696422273255
0.04442684433252874
-0.22260598767972561
0.05105293717566656
0.22436304818146707
-0.277317036618473
-0.18917516978532453
-0.1790083700829806
-0.09099652605027327
-0.04133965105780142
-0.12598056756138937
-0.11052704194990566
-0.24008842889153945
0.04605290398106126
-0.07001839110259199
-0.31753571090797283
-0.13374654090410595
-0.3367459340063672
-0.09949498309485634
-0.14178155661978337
-0.2414845227384027
-0.2307848000450157
-0.7569780831806973
0.13809511035120592
0.22526972894747113
-0.3645976947510752
0.26436969454823983
-0.1694137062385472
-0.17417131301198527
0.13587974101603362
0.06362938415782748
0.06798715234430991
0.16436655029242625
-0.24077718526797723
0.13477978507920454
0.12159226869620976
0.2595329067417819
0.29400356367536123
0.1932130227953781
0.022958575956019786
-0.08827740640709955
0.2015523380259559
0.14275095154765813
0.2093426825704496
0.15001763099364496
-0.20503700815143253
0.15941503727774833
0.18667330255473968
-0.31111058472845593
-0.016414184656041494
0.01793564105800165
0.29015315494807686
0.06764675745734752
-0.01155993958404281
0.024385362508996488
0.23836006988204386
-0.21333648027986413
0.26223761439343013
0.04692202501156188
0.14767401383037196
0.04869295784433924
-0.19983611234455373
-0.17830831693135085
-0.19475373189606546
0.28407391095578804
-0.320269683827616
0.0595369276915584
0.27353650575420957
0.24116008748328707
-0.11071707173419171
-0.30355160330871084
0.11686748957057475
0.06167894011522648
-0.19977936751255634
0.18068016805041887
0.06727232897436398
-0.31434604137007555
0.09888741883441894
-0.1450925830324125
0.15075525523354158
-0.058315447582190115
-0.0804855606457734
-0.05723930024689408
0.12108516128839879
0.0704721583645045
-0.28220455278761414
-0.06337762599234148
-0.08162350082308245
0.14034091805892035
-0.26146285400361124
-0.24346094986333328
-0.002810443220646473
0.2643159871789671
0.2816900819071219
-0.09792830020013182
-0.0139465927899631
-0.2684990689997799
0.11134324590986754
0.16427037862785
0.1404255297460451
0.12422081992725156
-0.1628929394505518
0.11780661168709916
0.019612338150157973
-0.11905904421570417
-0.09074609438831104
-0.20105283403173935
0.21153872948394606
-0.26447565822581737
-0.3467364465660675
0.1498694612779157
-0.22710539721444942
-0.02580800097918086
-0.20636229385845373
-0.006779215939373456
0.29407259286222703
0.20900614608090362
0.04577740569384604
-0.411593340064864
-0.05276673387016918
0.195447126398812
-0.2923254237293796
0.010665682746555197
0.06456170953448932
0.07653711579133543
0.013541198314321296
0.028480172665725997
0.14720502526688134
-0.30768535464896557
0.1716568992243931
-0.16762855858592196
-0.2942076905162079
0.12639491780745554
-0.3987182051918307
0.018180270263573814
-0.37879718464231954
0.21038671044049645
0.07083549118713503
-0.05061369340999906
-0.3355797934137937
-0.2612889939519055
-0.07530807002804825
-0.01745655969452524
-0.23861476625928957
-0.15339575971808575
-0.17265557806355247
-0.08864244351702659
0.11808119313332892
-0.03718420949856516
-0.3474388985306811
-0.3128246995231526
0.11476615577789692
-0.23243271646634298
-0.31952643975900613
0.5086149772883573
-0.15629831144481418
-0.1717956247702364
0.006502432754563422
0.5168536218268657
0.04630063349498343
-0.10585461459377299
-0.033177807044070064
-0.30661431944042933
-0.3071037269221426
-0.17707712875861065
0.10218366029790979
0.13596977649947523
-0.03569030585548843
0.14497630420762816
0.08842887470950446
0.06404289988938587
0.2731439949354723
0.1255933096473495
-0.1168787928243978
-0.44810065449075964
0.2716315151510743
-0.3101364115208252
-0.10062484111008145
-0.08435490923248629
0.2479480994796089
0.22671610661112498
0.09551435974066134
0.05213844679829824
-0.14650386487093164
-0.20780743606966645
-0.09221914751283755
-0.2570159134271183
0.005304915216604154
0.24449586416461916
-0.036339021148214766
-0.06965344484444745
0.08041366086981501
0.211824287060736
0.2780319605847547
-0.07629740802901391
0.2594496772550647
-0.0228429951615297
0.04080021639760146
-0.19304123268271894
0.1841525618151661
-0.22582890611817966
-0.024201195490190425
0.03904863055140564
-0.017794839811598247
-0.2815733811372977
0.25329746473447273
0.02434162715011062
0.1438807430270581
0.03679724955537778
-0.20570281888709313
0.07192265575750403
0.16363431137637846
0.01816391838443583
0.23474258898500075
-0.006626734566402352
0.2524916168455999
-0.06818855344380494
0.03239034626606506
-0.1362214762569847
0.006773283991291367
0.19175193979131203
-0.31729635498762315
-0.3019000569739433
-0.017413145297614716
-0.2935998362031431
0.08668470404526303
-0.30205688189507024
-0.17396353369386386
0.12267000451611536
-0.30373726048055366
0.12012286986187055
-0.2460025795797404
0.09456112628032991
-0.0764701263544778
-0.12388488243983857
-0.19731776236265963
-0.19568485761019072
0.17016912692298797
-0.2310941926845094
0.10746051796787097
-0.1529691405071455
0.17314295560793855
0.11362003681822659
-0.33038057423403056
0.05319884919906953
0.25180862838625145
-0.053947906822112146
0.2123109147377396
0.05351573642307565
-0.10046508447964267
0.009188246220727371
-0.33238420973323396
-0.0755885190873123
0.10725226168447169
0.21018919807713737
-0.2810953574672929
-0.011293976429477161
0.036597317984475006
0.25995717304430005
0.03803973100458423
-0.2921597946895405
-0.2409875041236138
-0.0257698996286857
-0.22702398099440307
-0.034065820698233294
0.17199496288920502
-0.333774824542996
0.07419437801484878
0.11808833854454076
0.12484530770616742
-0.42961066255445407
0.06293962900172134
-0.1076781442148846
-0.3521310189372578
-0.35091192824496986
0.09809552231215747
-0.004730640843824572
-0.176432688121066
-0.009473940964231521
0.19147730072876878
-0.34585510151029075
-0.11192987994014962
0.6196674504795462
-0.3337243055541648
-0.07056924668656195
-0.1514735981737586
0.6537897429208647
-0.3171838771710985
0.058898689699120696
0.07588222264823863
0.0013021040071556473
-0.22540054035861304
0.2422633972765854
0.18685850392591333
0.11954561967701507
-0.2680015907282853
-0.030888843949506795
-0.22711933384954583
0.17571502975592546
0.04692127857207443
-0.0914516551985355
-0.11454085020819148
-0.25213273398434377
-0.08549486743503068
0.25785938969840866
0.21516047521139844
-0.26346905990810693
-0.27275749490712836
0.23738062889019365
0.20175189636004273
-0.18004263500199746
-0.2816773434701578
-0.08641897483641856
-0.12953825823111673
-0.08986334850385423
0.047853800493627884
-0.20302600156652428
0.19210139292594036
-0.2163897417913966
-0.15308677088476152
-0.12652263773269468
-0.20045784322293697
0.2502576066449484
0.10359468459905811
0.2608434078241627
0.25797184046940713
0.2924132668888258
0.03354681867868143
0.07950444310304179
0.24146422696952818
-0.33264158149560646
-0.13613087112097508
-0.3024583293388282
0.15256426048501917
0.07673579308625648
-0.05881223890044276
-0.08064755496642184
-0.12580555940687008
-0.0199170025614756
-0.0915703314318102
-0.24975029268170673
0.008738301593434163
0.07946922868660977
0.027734340286690803
0.1585840952433458
-0.12742731367652999
0.2571330635456057
-0.1943975308243517
-0.09680945686080789
0.11799517293444116
-0.1600507338839615
-0.2886092947645428
-0.057288122435492056
-0.2065093606389405
0.055999360927978456
0.05095003653856342
-0.2126513545585226
-0.09406800229251601
-0.24508438981938363
-0.08360882024166197
0.18582202257648978
-0.13961896221227857
0.02174311420032011
0.0032757432134171214
0.28835775522028945
-0.13415275029021295
0.10653673390314387
-0.2679327954259836
-0.09214662280946524
-0.0444386214412806
0.1484245004992185
-0.13036982818621187
-0.21963209771698183
-0.24743141127273935
-0.3024306883410178
0.15787779842143262
-0.1649213614690202
0.1610380496193512
0.32991706216630884
0.2582067255157756
0.13393297702818732
-0.08605820817560497
-0.3191600761071625
-0.16386438443702137
-0.3150979785999555
-0.003372719052941996
-0.17604256154939088
0.23700625786802937
0.25786312222956204
-0.21714112222313248
0.031414868738996064
-0.03258849429184935
-0.3736167531366421
-0.06594639649297479
-0.26486017978816334
0.13760070828139379
0.0964361626168336
-0.13980998386244192
-0.15507703825888924
-0.17898513167744473
-0.2211088477205014
-0.26688451956358006
0.056478083834359906
-0.3111000561806208
-0.1570855086875514
0.17087747231984157
-0.005623083070041029
0.2294587903526667
0.01005889492430233
-0.22233783584982397
-0.04175433327457298
-0.04051326357774452
0.10338605962237397
0.2646056984711829
0.5904832810833865
0.16678737534234725
-0.12980490549706397
-0.11253482777950863
0.15172169197439556
0.04699836100029713
-0.3160621509014179
0.134673795741583
0.07717168707769606
0.1513201603585868
-0.24562186646942727
-0.3396244875375589
-0.09498166396282146
-0.1542165507502712
-0.07375185472998942
-0.0033930810504651274
0.23066241911255456
-0.055423548739444224
0.05524169236702259
-0.24882461410651496
0.229920395364444
0.04170458010949462
-0.046940279041444315
0.27448521028920264
-0.0853719773493139
-0.06512905700828202
0.08325403715348621
-0.16391187808414526
0.01918237126131724
0.10135816180475127
-0.19731889796682728
0.23063902102649803
0.08415925956723518
-0.22105863160966063
-0.18667344678360961
0.14290770937843694
-0.21821847151716062
0.10004802435644677
-0.3080136945961572
0.23576420626817257
-0.07614487026949285
-0.1714920507820717
-0.24840294111847272
-0.09827094704706327
-0.18320534375514191
0.13952706323717806
-0.2518102815859851
-0.23772612208092322
-0.27892200620704716
0.20481698028602469
0.05705214983280178
-0.20561932004498626
0.22605431736771425
-0.26583816517505426
0.03134649516079189
-0.2589426433885679
-0.13433651464145208
0.2638528106584406
0.273087540473651
-0.23505438866874553
-0.3486067590618217
0.29556570142732996
0.06362792405440656
-0.12550279890790267
-0.05224566558616848
-0.012651693941855766
0.13172541492539747
0.06740179992710393
0.0025338474160408212
-0.15758055233287002
-0.25064983122670575
0.27872637869348516
0.14788962830423935
0.02912039026552205
0.1982750199445426
-0.1318314051789764
0.3017834159715558
0.14359197898520087
0.10197757022279308
-0.21181686731635854
0.03292823744102645
-0.23050138944403026
0.24752957047072488
-0.360463571413639
0.33739823006052005
-0.2972299789216182
0.15229497179560883
0.056279205358970304
0.1779193886675981
-0.09150200483506538
0.167166908961192
-0.018919000513518077
-0.05293597233798712
0.07459083813542212
0.0430159792557692
0.11671205541735137
-0.2350584069697468
0.23946779581943586
-0.12078023521939998
-0.1298011457621756
-0.24792822758139807
-0.012450717934081323
-0.2635614370739415
-0.3402961396258058
-0.05227264376050598
-0.2365012508082627
-0.3852494329989555
-0.26167578176680617
0.035016757817692756
-0.011187307384531046
-0.3628533996975726
0.009861852101952381
0.047223727667626045
0.022925002905397257
0.20981045651603158
0.16626721001054004
0.44718951417528285
-0.08218456511462023
-0.051599358214855263
-0.17575447349406612
0.07741801071075448
0.040553836454993324
-0.24260662760711832
-0.24486130710452458
-0.10818331170798763
0.13654025151638854
-0.020908221151169196
-0.08210217852329539
0.4985575186723244
0.1834684199395077
-0.35558193313565895
0.16406470921142605
-0.15177415025343743
-0.34498557581396605
0.13369267940030485
0.16234197562803776
0.042363421356788
0.2427756525338487
0.042116118930230075
-0.18068013137088051
-0.03841609837094253
0.08828348282423118
-0.32526582437503493
-0.23271928180020776
-0.10329603480012317
0.0649254173283306
0.16108772245315073
0.1911815498712056
0.18430355338008558
0.1543672544466798
-0.07157103324270749
-0.30689412026315827
-0.1974833033873124
0.13501736240552628
-0.166661681306956
-0.11707583520355752
-0.20433111948380017
0.14579899655995796
-0.1161392772138618
-0.08274132120696447
-0.2387875946783471
0.0729029124194699
-0.0912453388320434
-0.154531600069776
0.03395382116356161
0.12167255228821343
0.18218620314620626
-0.2007761898596376
0.03666297740644938
-0.04270828856817912
-0.21531571885564182
-0.010776279824530525
0.012699298038279516
0.22101955896525455
-0.13639603694947602
-0.15491042541012776
-0.06744568264787745
-0.05050318783570224
-0.29802624159452934
-0.3108357391501959
0.0049284642305253545
0.2881437486734936
-0.04552708729451612
-0.2922853894674229
-0.21874481216679917
-0.2401627539326924
0.12594537468243466
0.1378494116850757
0.10441078385320748
0.17190616457057564
0.02098571211088187
0.012878403586090884
-0.02469639490694152
0.055936863286135466
0.06626686783635188
-0.19290339575990403
0.009081923227656975
-0.15403199143730326
-0.32727062621942027
-0.3271560906790708
0.07401095091647339
0.0069927636452401815
0.05245089677680746
0.09797248411270508
-0.051604214861491124
-0.048807262586447187
0.11724253664549394
0.07330903565879865
0.12826036459234402
-0.10470046638376393
-0.058148887692089826
-0.24943483488324428
0.04893500154952173
-0.315134373245188
-0.20356254952075348
-0.14543659385172236
-0.15272828443081896
0.015278197907363796
-0.3247666589554501
0.1907987846863768
0.07514767979300649
-0.26110300547220777
-0.26774767794435966
-0.10836359595506705
-0.10061958048493536
-0.11081825050959053
0.0485312073449768
-0.3963335955778085
0.2334390634671495
0.13580379887696206
-0.2472087407933568
-0.1580641749894881
-0.04757904212430605
-0.10078420039922416
-0.23237349612546826
0.1620046319504807
0.30161117720718256
-0.26865950995115884
0.19865788284468713
0.10403148394907635
-0.09083404198239978
-0.24007893191216395
-0.23865551704074453
0.00613375554639119
0.20927874810596742
-0.0752374735713745
0.06584125572034621
-0.25453123456786964
0.010908244951298699
0.08815993861584474
-0.16455907259467706
-0.17823867825317755
0.06589435003007273
0.24823202797496624
0.07630026347014485
-0.07022118544055209
0.24748967680245496
-0.27862985697731923
0.13033549210931633
0.03402424121195954
-0.04294775653030598
-0.3238839549178395
-0.2241489499027917
-0.17280110046614383
0.005362952895368046
-0.28356053341435905
-0.34436796286867205
0.004371509783138141
0.12512060110190873
-0.01575116591104977
-0.36654090805857464
0.03995022797629795
-0.07330417393961948
0.06282300447571881
-0.35285770607937156
-0.20762555639145794
-0.04094384588732102
-0.23921319122009632
0.1633551474144856
-0.20542042403717534
-0.24397063456692467
0.07475392968600515
0.21991373210489243
-0.15852389969112224
-0.06153899104440885
-0.305087081481912
0.08739718576863738
-0.1566240573279249
0.04808564245733737
-0.10473609051190146
0.02659772584683011
-0.21479189061834436
-0.3137154779012524
0.25831979366271607
0.00789702967477871
0.17603017892485082
-0.16432496528348967
-0.23041877581436093
0.2406602327267695
0.11707738071876014
-0.003383292336015781
-0.23316913638982517
-0.0844018389725147
0.08602075855086602
0.02338367415608221
-0.27374547604090055
0.051901604124672186
0.21906125361506396
-0.0793450517530359
-0.018138984183808056
0.09747986033873315
-0.19915977644768915
0.16602379442029333
0.1617726932672658
-0.012856089932024249
0.10164190155994571
-0.15486125419113644
-0.2658847513999274
-0.2693377137559773
-0.018156802725443302
0.032275981160251994
0.15889928763175093
-0.28334327025582756
-0.21422216158210428
0.09951057122168643
-0.18089197469541457
0.20041570797235714
-0.21953553276302806
0.26713198618781786
0.15454080905960701
0.16891153642978218
0.0742726981470364
0.07570097213115622
0.2078471689728232
-0.03345453942346879
-0.09076576204684943
-0.2859510094839419
0.19740503932774142
0.14317530763128022
0.22833817752646798
0.1283917202305628
0.13671407703959393
0.24721562991772622
0.13364044640032544
0.2434678377884
0.23426897008661116
0.09198106571925192
-0.20458914076140783
-0.2729942941101875
-0.286392276835456
0.012810801466793887
0.10256085816857795
-0.06635171523500581
0.1605027807518187
-0.04599018937891603
-0.11210270608861139
-0.3534074118161687
0.14142077952453733
-0.17225716360041987
-0.03965071805544782
0.2188929173089688
-0.25171624786205754
-0.09951246814848445
0.01455466003306452
-0.23798682712858235
-0.005352737893394591
0.22118198803433345
0.12205201767616568
-0.640961248258764
-0.0813026160040928
-0.13874416697875794
-0.25187181402598585
-0.21381380162084318
0.05608112201893275
-0.14320118960987485
0.16220772654757432
-0.06033132809703748
0.1962888550336717
0.01762690446588054
0.19850094198209625
-0.09234449250991808
-0.2945680100955111
-0.08966371676895592
0.08448583031865436
0.22586748798852851
0.047817935488485924
-0.010560371277901466
0.14797612288999729
-0.06749939595811173
-0.0393080337518066
-0.07478212684441266
-0.07640028076963164
0.20523265453807
0.23361032874428583
0.09675192514268179
-0.35375868129050775
-0.1783120214539952
0.10070517369976364
-0.012514819331173425
-0.2262913550334357
-0.11188709354627394
-0.16786108069038788
0.007419837536607445
-0.31094927857249416
0.0756722918892884
-0.04544738755751891
0.09477919363561436
0.06607548220441577
0.01405148414875089
-0.3559960242081127
0.011988580119230142
-0.05932203977764612
-0.1013380056540128
-0.316181534964193
0.2545193530546078
0.004563578775416996
0.5556177396711244
-0.20418038601504057
-0.04113311780804648
-0.0026894692361014716
0.2968899842914902
0.1460170101768235
0.11201840023072988
0.2136562959942114
0.13354416489143905
0.10531652413915588
0.24818076312287646
-0.254888548271095
0.34091232085804474
-0.05865550034077489
0.2819079912494257
-0.3034506250721151
0.29673281703219856
-0.28739434727756413
-0.17814679358407204
0.014485390040390924
-0.06666678817358054
0.03627027011252325
0.016498969448086834
0.08242393154666869
-0.17600847087579533
0.2332575986106762
-0.11335537686351585
-0.09961652609815742
-0.18814031855815017
0.2064730870189199
-0.29661182650908835
0.07503148513401749
-0.20760231697386752
0.21534212686748586
-0.22621387885183722
0.08762385301192002
-0.2408302248497336
-0.10805078582900086
-0.2752497712308946
0.03676420430369113
0.13917598436169473
-0.12426890358870782
0.14768731769402335
-0.0654297492892178
-0.11411413425724776
0.17289026255904555
-0.07963634667524944
0.0730792932791053
-0.12154364861786283
-0.09610513699766857
-0.33181311259230223
-0.24246427769796558
-0.34814060831735516
-0.09918819015773551
0.2466662170194875
-0.3153194984719368
0.37310749695906636
0.13362229373288165
-0.0901259667334253
-0.23073547488831134
0.10367286187605353
-0.32612163897260554
-0.08655079534786111
0.09790296930859496
-0.1291745179555467
-0.2655584563578559
-0.3684432365815244
-0.35327667945937263
-0.5032491440659819
0.008686041238695841
-0.03297719707787947
0.1134388977834807
-0.14135398405657254
-0.13682732149904095
-0.14601255070392688
0.18585235210403844
-0.3232869405756155
0.10083029786459939
-0.36516713068954676
-0.0409148400052058
-0.3313665607161207
0.1368608295425285
-0.15212762824808726
0.14972059894898732
-0.20509139261047968
0.05976625033890755
0.21132163102503168
-0.08681881450739395
0.12873578806479635
0.15176957554649734
0.14325281686200644
0.09613512403733261
-0.30718686474031764
-0.16232679262673602
-0.09350791934663007
0.1141156281749507
0.023669230414516063
-0.06987151055570849
0.2311441849545807
0.1717905964921445
-0.10830542479473625
-0.22696286868569598
-0.0020265253085677763
-0.04486052204737723
-0.05469843613134127
-0.2684840129098206
-0.12011539896583946
-0.25227067710913115
0.14172130100627414
-0.1773026697770787
0.005128019972928136
-0.16515632552382736
0.15783099042789842
-9.398576875531641E-4
0.09243631267151044
0.0993309973157139
0.31078836651019304
0.04911158316646233
-0.14741599560804164
0.07840386013619585
-0.37186643834731375
0.17496591634003264
0.14055807220124963
0.16661157503121066
0.25332992919739733
-0.04827956509547396
0.028707132510732564
-0.09556627211785348
-0.07090961550741631
-0.07972663690229687
0.13991828343852097
-0.3295503458157851
0.45604216059411873
0.26037894793189087
-0.3162745820388242
0.13350100799529926
-0.1821103813135871
0.120432438376753
-0.11816891912924288
0.052773302555921955
0.2629216260242609
0.2540162914775952
-0.05455304487628178
-0.02521906321075455
-0.26696685898591976
-0.2801064037483164
-0.3132420169954664
0.10882762015572446
0.09780235241363701
0.05211682032779866
0.11113397888338734
0.21715453894598222
0.10638573974063407
-0.31532437226880927
0.2721491482843401
-0.2855277563113686
-0.20523442625115443
-0.018455711765437165
-0.22025715977145288
0.24196206160860279
0.027718450976187917
-0.09269508887827661
-0.1746412800283494
0.1255520084696259
-0.1472217253175092
-0.10149429966753738
0.11571064056378753
0.18202115493322046
-0.217481326659659
0.22689040595722684
0.11003379372593006
-0.18610133363180015
-0.05558662129070727
0.1447898632815414
-0.3399730049797125
-0.22511278026948436
-0.16288232982972378
-0.07663863892809122
0.07386693127500725
0.23937881902445793
0.14025496859807612
0.1823690750290455
0.20414536110092166
0.21008692109107002
0.15836185665380745
-0.24768044799939204
0.0790152108480151
-0.10674270112307066
-0.22243063928368945
-0.21590494523330234
-0.16581216421518252
-0.3254189783442173
-0.5579216372520689
-0.27528337425784083
0.06172181515696842
-0.21272403324376407
-0.5371333328005498
-0.39148746748857716
7.070483821890514E-4
0.21533556372322354
-0.517413640323064
0.09076968908486698
0.1278028973912546
-0.21313408531818265
-0.16923374773815378
-0.08438992467476597
-0.19683355495963287
-0.056245006596629156
-0.11914773371838293
-0.04952764184434979
0.005600325233207187
0.17613736246124512
-0.48220608054327085
0.21669039914416582
-0.025543189424419962
-0.38004531535877767
-0.3493416619156211
-0.26753757389311905
0.14123190087848797
0.1959857163733717
-0.2957648746171125
0.07224582717007788
0.11642804752179602
-0.31675328030823896
0.05339518873257472
0.06639665724168933
-0.21338858678264794
0.051609388918290824
0.05149219628354954
-0.30202673400068875
0.045793833838493087
0.04152512512155681
0.007353877617833487
0.017200777446666368
0.22627817144444026
-0.26227517576689685
-0.22042423194731772
-0.10481166697408717
-0.06074295363160394
-0.15383802891059503
-0.2870045642005805
0.04490314986169177
-0.08198725354409285
-0.30139157110035697
0.16301524610128268
0.12451078890765258
-0.3564296253365454
0.05794523896913276
-0.08560494802445001
-0.043458184925731655
-0.1364543452264951
-0.36420166786832703
-0.2060703680164332
-0.12722551086082112
0.10265208914778581
-0.21409346206422172
0.1183751492422732
-0.016103259785204518
-0.2631860913951071
-0.2964595921087089
0.616345557681158
0.031172760703412336
-0.029039350233075464
-0.327661986684989
0.15749281150228955
-0.16894966132974523
0.18127369704750088
0.16459251030949226
-0.12027292380810019
-0.1773373275464514
0.2839211728277991
-0.15497668931897607
-0.32050408008236436
-0.18327153549536165
-0.2783431404567164
0.1515652688832987
-0.02940245988737074
-0.0833826939671385
-0.24523798566814833
0.07812971566982331
-0.08910173214231847
-0.2136476618852162
0.09605967939003156
-0.34091170446090385
0.040791835665756324
-0.3022593871560089
-0.23256541774803702
0.03486660515426388
0.05122240911687832
-0.14934382734744142
0.2006706655752456
-0.11314814053358829
-0.19171886707826433
0.035183302121651314
-0.26053203030826966
0.2275151990766504
0.14146403272064603
0.11444610415581387
-0.002339358071040185
-0.15897127020015436
0.27497362166673145
0.19990388260327605
0.16527212006020375
-0.1609621945360096
-0.14397133842574286
-0.2810006115509172
-0.006243313734151452
-0.18776477683027387
0.055541665932436306
0.09196017779753352
-0.34747971879633555
0.016652406461284446
0.05345297482717871
0.23567639602704588
0.24612522371668744
0.02242101098495755
0.10693825329835073
0.04372621042928743
-0.34941228816803627
-0.3538958171664452
-0.005082982432203212
-0.17096452822373004
-0.03251709193211916
0.0803646334925158
-0.26057371886087577
-0.039397779373237615
0.21978297225759477
-0.03478306712086502
-0.04995150408952295
0.14569671585325367
-0.06305883561837322
0.003036356443395584
-0.1466053209850092
-0.13105496100705782
-0.2371003423291514
-0.35315068696630314
-0.2516851147569459
0.10398403461137193
-0.27772802375115013
-0.3359090726101252
-0.1713855176613999
0.16280180627905286
-0.18412679013593672
-0.163672097047329
0.3720913187683565
-0.023101022196220292
0.04439838484816898
0.16072951017925644
0.30752636360405666
-0.16093224065701298
0.22627007506090505
-0.3486249620360123
-0.04702699129296112
-0.10254861455399052
-0.08696136693858281
-0.00880375969470715
-0.3225891053054838
-0.28232127431583864
0.09663565296980273
-0.3577282537339408
0.17078458819801365
-0.20998454373335335
-0.009765276828703645
-0.013578994984788963
0.16142014949607114
-0.11760095511618031
-0.24086632238572275
0.085715557003654
-0.3383589157985306
0.1846368687926425
0.024806459374846435
0.04056644978015438
-0.18864314284116482
-0.2524143565111084
-0.25918256981270976
-0.3382225074497278
-0.2783724289039487
-0.04573649744693586
-0.0443234969126818
-0.24262212324937252
0.155343258068813
0.2563520952871717
-0.28698800979579114
-0.041027556247857595
0.2795651271261383
-0.15758243168952155
-0.2591127967683909
0.17269672784386006
0.0317390655812127
-0.27401692469302735
-0.14371300275880095
-0.04450975523977842
0.2547532883202857
0.10059286599246808
-0.024773937460863486
-0.3185421437077194
0.24639587288584988
-0.0907668238628799
0.031368482469999355
-0.5463538046160441
-0.11573126230584559
-0.4787939330775168
-0.12591615530446285
-3.708879093643152
-5.121619049580986
-2.166097875227338
-1.814327431543968
2.618861245221671
